ID;Jugador;CL;ENT;DUE;D;DA;PC;PCC;PLC;PH;GPT;GPTFA;GPTDA;GCPI;GCPD;CG;GABP
abdessamad-ezzalzouli;Abde Ezzalzouli;0;9;27;23;4;51;41;0;0;0.00;0.00;0.00;0.00;0.00;0.00;0.00
abderrahman-rebbach;Abde Rebbach;2;0;10;7;3;10;8;1;0;0.00;0.00;0.00;0.00;0.00;0.00;0.00
abqar;Abdel Abqar;0;5;25;22;3;119;72;11;0;0.00;0.00;0.00;0.00;0.00;0.00;0.00
abdul-mumin;Abdul Mumin;0;5;22;10;12;136;99;7;0;0.00;0.00;0.00;0.00;0.00;0.00;0.00
abdon;Abdón Prats;0;0;6;1;5;1;1;0;0;0.00;0.00;0.00;0.00;0.00;0.00;0.00
abel-bretones;Abel Bretones;0;7;21;17;4;86;55;6;0;1.00;0.00;1.00;1.00;0.00;0.00;0.00
abel-ruiz;Abel Ruiz;0;0;23;16;7;74;63;2;0;0.25;0.00;0.25;0.00;0.25;0.00;0.00
aboubacar-bassinga;Aboubacar Bassinga;0;0;2;2;0;4;1;1;1;0.00;0.00;0.00;0.00;0.00;0.00;0.00
adama-boiro;Adama Boiro;0;2;13;7;6;25;19;0;0;0.00;0.00;0.00;0.00;0.00;0.00;0.00
embarba;Adri Embarba;13;7;40;32;8;74;44;4;1;0.00;0.00;0.00;0.00;0.00;0.00;0.00
adria-altimira;Adrià Alti;0;2;13;9;4;27;21;2;0;0.00;0.00;0.00;0.00;0.00;0.00;0.00
pedrosa-1;Adrià Pedrosa;0;4;26;18;8;130;99;7;0;0.00;0.00;0.00;0.00;0.00;0.00;0.00
adrian-2;Adrián San Miguel del Castillo;0;0;0;0;0;0;0;0;0;0.00;0.00;0.00;0.00;0.00;0.00;0.00
adrian-pica;Adrián Hernández Hernández;0;1;12;5;7;38;27;3;0;0.00;0.00;0.00;0.00;0.00;0.00;0.00
a-rodriguez-1;Adrián Rodríguez;0;0;0;0;0;0;0;0;0;0.00;0.00;0.00;0.00;0.00;0.00;0.00
malcom-adu-ares;Malcom Abdulai Ares Djaló;0;0;4;4;0;8;5;0;0;0.00;0.00;0.00;0.00;0.00;0.00;0.00
aihen;Aihen Muñoz;0;1;6;4;2;1;1;0;0;0.00;0.00;0.00;0.00;0.00;0.00;0.00
aimar-1;Aimar Oroz;0;8;42;34;8;114;95;8;0;0.00;0.00;0.00;0.00;0.00;0.00;0.00
aitor-fdez;Aitor Fernández;0;0;0;0;0;0;0;0;0;0.00;0.00;0.00;0.00;0.00;0.00;0.00
aitor-fraga;Aitor Fraga;0;0;0;0;0;0;0;0;0;0.00;0.00;0.00;0.00;0.00;0.00;0.00
paredes-2;Aitor Paredes;0;0;6;3;3;56;44;5;0;0.00;0.00;0.00;0.00;0.00;0.00;0.00
aitor-r;Aitor Ruibal;0;2;18;15;3;40;31;0;0;0.00;0.00;0.00;0.00;0.00;0.00;0.00
albert-mboyo-sambi-lokonga;Albert Sambi Lokonga;0;3;12;8;4;104;90;6;0;0.00;0.00;0.00;0.00;0.00;0.00;0.00
alberto-collado;Alberto Collado;0;0;0;0;0;0;0;0;0;0.00;0.00;0.00;0.00;0.00;0.00;0.00
alberto-flores;Alberto Flores;0;0;0;0;0;0;0;0;0;0.00;0.00;0.00;0.00;0.00;0.00;0.00
alberto-mari;Alberto Marí;0;0;1;1;0;4;2;0;0;0.00;0.00;0.00;0.00;0.00;0.00;0.00
a-moleiro;Alberto Moleiro;0;5;38;34;4;72;63;1;2;0.13;0.00;0.13;0.13;0.00;0.00;0.00
alberto-risco;Alberto Risco;0;1;7;5;2;4;2;0;0;0.00;0.00;0.00;0.00;0.00;0.00;0.00
alex-balde;Alejandro Balde;0;1;27;22;5;138;124;3;0;0.00;0.00;0.00;0.00;0.00;0.00;0.00
catena;Alejandro Catena;0;5;24;12;12;185;140;18;0;0.00;0.00;0.00;0.00;0.00;0.00;0.00
a-frances;Alejandro Francés;0;7;18;18;0;114;93;7;0;0.00;0.00;0.00;0.00;0.00;0.00;0.00
alejandro-iturbe;Alejandro Iturbe;0;0;0;0;0;0;0;0;0;0.00;0.00;0.00;0.00;0.00;0.00;0.00
alejo-veliz;Alejo Véliz;0;1;47;21;26;55;39;1;0;0.11;0.00;0.11;0.00;0.11;0.00;0.00
sedlar;Aleksandar Sedlar;0;8;18;15;3;51;31;4;0;0.00;0.00;0.00;0.00;0.00;0.00;0.00
berenguer;Alex Berenguer;8;4;28;22;6;46;33;1;0;0.00;0.00;0.00;0.00;0.00;0.00;0.00
alex-kral;Alex Král;0;8;26;23;3;110;80;5;0;0.00;0.00;0.00;0.00;0.00;0.00;0.00
alexander-sorloth;Alexander Sørloth;0;1;25;10;15;36;22;0;0;0.14;0.00;0.14;0.00;0.00;0.14;0.00
alfonso-1;Alfon González;0;1;21;20;1;26;20;0;0;0.00;0.00;0.00;0.00;0.00;0.00;0.00
a-espino;Alfonso Espino;0;16;61;52;9;84;49;5;0;0.00;0.00;0.00;0.00;0.00;0.00;0.00
ali-fadal;Ali Fadal;0;0;0;0;0;0;0;0;0;0.00;0.00;0.00;0.00;0.00;0.00;0.00
alvaro-abajas;Alvin Abajas;0;0;0;0;0;0;0;0;0;0.00;0.00;0.00;0.00;0.00;0.00;0.00
amath;Amath Ndiaye;0;0;10;9;1;37;28;2;0;0.00;0.00;0.00;0.00;0.00;0.00;0.00
ander-astralaga;Ander Astralaga;0;0;0;0;0;0;0;0;0;0.00;0.00;0.00;0.00;0.00;0.00;0.00
barrenetxea;Ander Barrenetxea;0;0;14;10;4;23;14;2;0;0.00;0.00;0.00;0.00;0.00;0.00;0.00
guevara;Ander Guevara;0;7;29;25;4;124;95;4;0;0.00;0.00;0.00;0.00;0.00;0.00;0.00
ander;Ander Herrera;0;3;17;16;1;100;86;3;0;0.00;0.00;0.00;0.00;0.00;0.00;0.00
gorosabel;Andoni Gorosabel;0;1;6;6;0;20;16;0;0;0.00;0.00;0.00;0.00;0.00;0.00;0.00
andreas-christensen;Andreas Christensen;0;0;2;1;1;16;14;0;0;0.00;0.00;0.00;0.00;0.00;0.00;0.00
andrei;Andrei Ratiu;0;2;15;11;4;35;24;1;1;0.00;0.00;0.00;0.00;0.00;0.00;0.00
lunin;Andrii Lunin;0;0;0;0;0;0;0;0;0;0.00;0.00;0.00;0.00;0.00;0.00;0.00
andre-almeida-1;Domingos André Ribeiro Almeida;3;7;25;23;2;128;110;5;0;0.00;0.00;0.00;0.00;0.00;0.00;0.00
andre-ferreira;André Filipe Magalhães Ribeiro Ferreira;0;0;0;0;0;0;0;0;0;0.00;0.00;0.00;0.00;0.00;0.00;0.00
andres-cuenca;Andrés Cuenca;0;0;0;0;0;0;0;0;0;0.00;0.00;0.00;0.00;0.00;0.00;0.00
budimir;Ante Budimir;0;5;53;24;29;52;31;0;0;0.00;0.00;0.00;0.00;0.00;0.00;0.00
griezmann;Antoine Griezmann;6;1;17;14;3;128;94;8;1;0.33;0.33;0.00;0.33;0.00;0.00;0.33
antonio-blanco;Antonio Blanco;0;4;27;24;3;109;80;7;3;0.00;0.00;0.00;0.00;0.00;0.00;0.00
antonio-espigares;Antonio Espigares;0;0;0;0;0;0;0;0;0;0.00;0.00;0.00;0.00;0.00;0.00;0.00
antonio-gomis;Antonio Gomis;0;0;0;0;0;0;0;0;0;0.00;0.00;0.00;0.00;0.00;0.00;0.00
a-raillo;Antonio Raíllo;0;3;33;10;23;203;170;13;0;0.00;0.00;0.00;0.00;0.00;0.00;0.00
antonio-rudiger;Antonio Rüdiger;0;2;24;9;15;292;249;19;0;0.00;0.00;0.00;0.00;0.00;0.00;0.00
sivera;Antonio Sivera;0;0;0;0;0;116;26;35;0;0.00;0.00;0.00;0.00;0.00;0.00;0.00
sanchez;Antonio Sánchez;0;5;13;13;0;44;30;1;0;0.00;0.00;0.00;0.00;0.00;0.00;0.00
antoniu-roca;Antoniu Roca;0;1;7;7;0;6;4;0;0;0.00;0.00;0.00;0.00;0.00;0.00;0.00
egoitz-arana;Egoitz Arana Aizpurua;0;0;0;0;0;0;0;0;0;0.00;0.00;0.00;0.00;0.00;0.00;0.00
arda-guler;Arda Güler;3;3;15;14;1;56;47;0;1;0.00;0.00;0.00;0.00;0.00;0.00;0.00
aridane-1;Aridane Hernández;0;0;0;0;0;0;0;0;0;0.00;0.00;0.00;0.00;0.00;0.00;0.00
arambarri-1;Aritz Arambarri;0;1;15;1;14;67;48;1;0;0.00;0.00;0.00;0.00;0.00;0.00;0.00
aritz;Aritz Elustondo;0;2;12;9;3;138;115;6;0;0.00;0.00;0.00;0.00;0.00;0.00;0.00
arnau-1;Arnau Martínez;0;6;12;10;2;170;152;6;1;0.00;0.00;0.00;0.00;0.00;0.00;0.00
arnau-rafus;Arnau Rafús;0;0;0;0;0;0;0;0;0;0.00;0.00;0.00;0.00;0.00;0.00;0.00
arnau-sola;Arnau Solà;0;0;0;0;0;0;0;0;0;0.00;0.00;0.00;0.00;0.00;0.00;0.00
arnaut-danjuma;Arnaut Danjuma;0;2;11;9;2;30;22;1;0;0.50;0.00;0.50;0.25;0.25;0.00;0.00
arthur-vermeeren;Arthur Vermeeren;0;0;0;0;0;0;0;0;0;0.00;0.00;0.00;0.00;0.00;0.00;0.00
villalibre;Asier Villalibre;0;0;7;5;2;6;3;2;0;0.33;0.00;0.33;0.33;0.00;0.00;0.00
assane-diao;Assane Diao;0;0;3;2;1;3;2;0;0;0.00;0.00;0.00;0.00;0.00;0.00;0.00
augusto-batalla;Augusto Batalla;0;0;0;0;0;0;0;0;0;0.00;0.00;0.00;0.00;0.00;0.00;0.00
aurelien-tchouameni;Aurélien Tchouaméni;0;11;40;28;12;297;263;15;0;0.00;0.00;0.00;0.00;0.00;0.00;0.00
axel-witsel;Axel Witsel;0;1;8;3;5;106;97;2;0;0.00;0.00;0.00;0.00;0.00;0.00;0.00
ayoze-perez;Ayoze Pérez;0;3;27;22;5;40;29;1;1;0.33;0.17;0.17;0.17;0.17;0.00;0.00
b-ramirez;Benito Ramírez;0;1;9;7;2;12;9;1;0;0.00;0.00;0.00;0.00;0.00;0.00;0.00
bertug-yildirim;Bertug Yildirim;0;1;9;3;6;9;6;0;0;0.00;0.00;0.00;0.00;0.00;0.00;0.00
benat-prados;Beñat Prados;0;4;32;22;10;140;116;1;2;0.50;0.00;0.50;0.00;0.00;0.50;0.00
benat-turrientes;Beñat Turrientes;7;7;30;22;8;91;77;4;0;0.00;0.00;0.00;0.00;0.00;0.00;0.00
bojan-miovski;Bojan Miovski;0;1;5;5;0;15;14;0;0;0.00;0.00;0.00;0.00;0.00;0.00;0.00
b-iglesias;Borja Iglesias;0;1;14;11;3;36;27;1;1;0.67;0.00;0.67;0.33;0.33;0.00;0.00
brahim;Brahim Díaz;0;2;20;19;1;56;47;1;2;1.00;0.00;1.00;1.00;0.00;0.00;0.00
brais-mendez;Brais Méndez;1;4;50;43;7;118;90;3;0;0.17;0.00;0.17;0.00;0.17;0.00;0.00
b-olivan;Brian Oliván;4;3;7;5;2;28;20;1;0;0.00;0.00;0.00;0.00;0.00;0.00;0.00
bryan;Bryan Gil;0;12;55;54;1;115;101;2;0;0.11;0.00;0.11;0.11;0.00;0.00;0.00
bryan-zaragoza;Bryan Zaragoza;2;3;32;30;2;56;36;5;1;0.00;0.00;0.00;0.00;0.00;0.00;0.00
carl-starfelt;Carl Starfelt;0;1;11;3;8;152;147;1;0;0.50;0.00;0.50;0.00;0.00;0.50;0.00
alena;Carles Aleñá;1;4;24;16;8;39;26;4;0;0.00;0.00;0.00;0.00;0.00;0.00;0.00
c-perez;Carles Pérez;0;3;29;25;4;37;20;1;0;0.00;0.00;0.00;0.00;0.00;0.00;0.00
carlos-benavidez;Carlos Benavídez;0;2;11;8;3;28;18;2;1;0.00;0.00;0.00;0.00;0.00;0.00;0.00
c-dominguez;Carlos Domínguez;0;6;20;10;10;192;160;10;0;0.00;0.00;0.00;0.00;0.00;0.00;0.00
carlos-guirao;Carlos Guirao;0;0;0;0;0;0;0;0;0;0.00;0.00;0.00;0.00;0.00;0.00;0.00
carlos-martin;Carlos Martín;0;1;8;7;1;8;6;0;0;0.00;0.00;0.00;0.00;0.00;0.00;0.00
carlos-romero;Carlos Romero;5;9;32;28;4;107;78;1;0;1.00;0.00;1.00;1.00;0.00;0.00;0.00
carlos-vicente;Carlos Vicente;13;5;30;26;4;91;64;3;0;0.25;0.00;0.25;0.25;0.00;0.00;0.00
catala;José Luis Català Vázquez;0;0;0;0;0;0;0;0;0;0.00;0.00;0.00;0.00;0.00;0.00;0.00
cenk-ozkacar;Cenk Özkacar;0;0;0;0;0;2;1;0;0;0.00;0.00;0.00;0.00;0.00;0.00;0.00
chidera-ejuke;Chidera Ejuke;10;1;28;27;1;104;84;2;0;0.00;0.00;0.00;0.00;0.00;0.00;0.00
chimy-avila;Chimy Ávila;0;0;5;4;1;16;14;0;0;0.00;0.00;0.00;0.00;0.00;0.00;0.00
christantus-uche;Christantus Uche;0;4;51;33;18;46;31;0;0;0.50;0.00;0.50;0.00;0.00;0.50;0.00
ivan-cantalejo;Iván Cantalejo;0;1;4;4;0;3;3;0;0;0.00;0.00;0.00;0.00;0.00;0.00;0.00
lenglet;Clément Lenglet;0;0;0;0;0;0;0;0;0;0.00;0.00;0.00;0.00;0.00;0.00;0.00
coba-da-costa;Coba da Costa;0;0;0;0;0;0;0;0;0;0.00;0.00;0.00;0.00;0.00;0.00;0.00
conor-gallagher;Conor Gallagher;0;3;16;15;1;32;23;0;0;0.00;0.00;0.00;0.00;0.00;0.00;0.00
copete;José Manuel Arias Copete;0;1;2;2;0;2;1;1;0;0.00;0.00;0.00;0.00;0.00;0.00;0.00
cristhian-mosquera;Cristhian Mosquera;0;2;19;11;8;242;211;11;0;0.00;0.00;0.00;0.00;0.00;0.00;0.00
stuani;Cristhian Stuani;0;0;1;0;1;6;4;0;0;1.00;0.00;1.00;0.00;1.00;0.00;0.00
cyle-larin;Cyle Larin;0;2;19;16;3;28;21;1;0;0.00;0.00;0.00;0.00;0.00;0.00;0.00
cesar-azpilicueta;César Azpilicueta;0;5;25;16;9;217;188;7;0;0.00;0.00;0.00;0.00;0.00;0.00;0.00
cesar-gonzalez;César Fernández;0;0;0;0;0;0;0;0;0;0.00;0.00;0.00;0.00;0.00;0.00;0.00
cesar-tarrega;César Tárrega;0;1;16;7;9;103;88;4;0;0.00;0.00;0.00;0.00;0.00;0.00;0.00
c-de-la-hoz;César de la Hoz;0;0;0;0;0;0;0;0;0;0.00;0.00;0.00;0.00;0.00;0.00;0.00
daley-blind;Daley Blind;0;5;22;18;4;361;313;24;0;0.00;0.00;0.00;0.00;0.00;0.00;0.00
daley-sinkgraven;Daley Sinkgraven;0;0;0;0;0;0;0;0;0;0.00;0.00;0.00;0.00;0.00;0.00;0.00
damian-rodriguez;Damián Rodríguez;10;2;21;18;3;214;186;10;0;0.00;0.00;0.00;0.00;0.00;0.00;0.00
carvajal;Dani Carvajal;0;5;22;18;4;182;151;7;0;0.00;0.00;0.00;0.00;0.00;0.00;0.00
d-ceballos;Dani Ceballos;1;4;13;13;0;61;54;0;0;0.00;0.00;0.00;0.00;0.00;0.00;0.00
cardenas;Dani Cárdenas;0;0;1;0;1;89;23;21;0;0.00;0.00;0.00;0.00;0.00;0.00;0.00
dani-gomez-1;Dani Gómez;0;1;4;2;2;9;6;0;0;0.00;0.00;0.00;0.00;0.00;0.00;0.00
dani-olmo;Dani Olmo;0;1;18;16;2;58;49;2;3;0.29;0.00;0.29;0.14;0.14;0.00;0.00
parejo;Dani Parejo;1;6;18;15;3;143;121;9;0;0.50;0.00;0.50;0.50;0.00;0.00;0.00
dani-raba;Dani Raba;0;6;22;20;2;32;19;3;0;0.00;0.00;0.00;0.00;0.00;0.00;0.00
dani-rodriguez;Dani Rodríguez;13;10;27;22;5;75;53;7;3;0.25;0.00;0.25;0.00;0.00;0.25;0.00
vivian;Dani Vivian;0;3;24;12;12;224;191;10;1;0.00;0.00;0.00;0.00;0.00;0.00;0.00
daniel-luna;Daniel Luna;0;0;0;0;0;0;0;0;0;0.00;0.00;0.00;0.00;0.00;0.00;0.00
daniel-requena;Daniel Requena;0;0;0;0;0;0;0;0;0;0.00;0.00;0.00;0.00;0.00;0.00;0.00
darko;Darko Brasanac;0;4;27;17;10;89;58;4;0;0.00;0.00;0.00;0.00;0.00;0.00;0.00
d-machis;Darwin Machís;1;0;1;1;0;10;5;0;0;0.00;0.00;0.00;0.00;0.00;0.00;0.00
david-lopez;David López;0;3;15;8;7;314;284;13;0;0.00;0.00;0.00;0.00;0.00;0.00;0.00
david-otorbi;David Otorbi;0;0;0;0;0;4;2;0;0;0.00;0.00;0.00;0.00;0.00;0.00;0.00
david-soria;David Soria;0;0;1;0;1;56;16;10;0;0.00;0.00;0.00;0.00;0.00;0.00;0.00
david-torres-1;David Torres;0;0;0;0;0;2;1;0;0;0.00;0.00;0.00;0.00;0.00;0.00;0.00
diego-conde;Diego Conde;0;0;2;2;0;102;56;19;0;0.00;0.00;0.00;0.00;0.00;0.00;0.00
diego-ferrer;Diego Ferrer;0;0;0;0;0;0;0;0;0;0.00;0.00;0.00;0.00;0.00;0.00;0.00
diego-garcia-2;Diego García;0;0;20;6;14;19;10;1;0;0.00;0.00;0.00;0.00;0.00;0.00;0.00
llorente-r;Diego Llorente;0;2;11;8;3;141;109;9;0;0.00;0.00;0.00;0.00;0.00;0.00;0.00
diego-lopez-noguerol;Diego López;0;2;29;22;7;101;77;4;0;1.00;0.00;1.00;0.00;0.00;1.00;0.00
rico;Diego Rico;0;13;24;20;4;89;48;7;0;0.00;0.00;0.00;0.00;0.00;0.00;0.00
foulquier;Dimitri Foulquier;0;5;17;16;1;79;50;6;0;0.00;0.00;0.00;0.00;0.00;0.00;0.00
dimitrios-stamatakis;Dimitrios Stamatakis;0;0;0;0;0;0;0;0;0;0.00;0.00;0.00;0.00;0.00;0.00;0.00
dinko-horkas;Dinko Horkas;0;0;0;0;0;0;0;0;0;0.00;0.00;0.00;0.00;0.00;0.00;0.00
djene;Djené Dakonam;0;0;13;4;9;81;54;8;0;0.00;0.00;0.00;0.00;0.00;0.00;0.00
djibril-sow;Djibril Sow;0;4;20;16;4;101;88;3;0;0.00;0.00;0.00;0.00;0.00;0.00;0.00
dodi-lukebakio;Dodi Lukébakio;8;2;30;30;0;58;48;2;0;0.13;0.00;0.13;0.00;0.13;0.00;0.00
domingos-d;Domingos de Sousa Coutinho Meneses Duarte;0;0;0;0;0;0;0;0;0;0.00;0.00;0.00;0.00;0.00;0.00;0.00
dominik-greif;Dominik Greif;0;0;0;0;0;68;23;15;0;0.00;0.00;0.00;0.00;0.00;0.00;0.00
donny-van-de-beek;Donny van de Beek;0;0;2;2;0;3;1;0;0;0.00;0.00;0.00;0.00;0.00;0.00;0.00
endrick;Endrick Felipe Moreira de Sousa;0;0;2;2;0;2;1;0;0;0.25;0.00;0.25;0.00;0.25;0.00;0.00
eneko-ortiz;Eneko Ortiz;0;0;0;0;0;0;0;0;0;0.00;0.00;0.00;0.00;0.00;0.00;0.00
franquesa;Enric Franquesa;0;8;25;19;6;43;33;1;0;1.00;0.00;1.00;1.00;0.00;0.00;0.00
enzo-barrenechea;Enzo Barrenechea;0;0;0;0;0;0;0;0;0;0.00;0.00;0.00;0.00;0.00;0.00;0.00
boyomo;Enzo Boyomo;0;6;18;10;8;190;171;3;0;0.00;0.00;0.00;0.00;0.00;0.00;0.00
loiodice;Enzo Loiodice;5;2;12;9;3;97;76;3;0;0.00;0.00;0.00;0.00;0.00;0.00;0.00
eray-ervin-cumart;Eray Cömert;0;3;15;8;7;102;79;8;0;0.00;0.00;0.00;0.00;0.00;0.00;0.00
eric-bailly;Eric Bailly;0;2;10;7;3;137;113;6;0;0.00;0.00;0.00;0.00;0.00;0.00;0.00
eric-garcia;Eric García;0;3;10;5;5;29;27;0;0;0.00;0.00;0.00;0.00;0.00;0.00;0.00
etienne-etoo-pineda;Etienne Eto'o Pineda;0;0;0;0;0;0;0;0;0;0.00;0.00;0.00;0.00;0.00;0.00;0.00
etta-eyong;Etta Eyong;0;0;0;0;0;0;0;0;0;0.00;0.00;0.00;0.00;0.00;0.00;0.00
fabio;Fabio González;0;0;0;0;0;0;0;0;0;0.00;0.00;0.00;0.00;0.00;0.00;0.00
valverde-1;Federico Valverde;0;8;27;23;4;259;222;11;1;0.17;0.17;0.00;0.00;0.17;0.00;0.17
f-mendy;Ferland Mendy;0;5;15;13;2;131;119;6;0;0.00;0.00;0.00;0.00;0.00;0.00;0.00
fermin-lopez;Fermín López;0;2;12;11;1;24;22;2;0;0.00;0.00;0.00;0.00;0.00;0.00;0.00
calero;Fernando Calero;0;3;9;7;2;101;71;14;0;0.00;0.00;0.00;0.00;0.00;0.00;0.00
pacheco-2;Fernando Pacheco;0;0;0;0;0;0;0;0;0;0.00;0.00;0.00;0.00;0.00;0.00;0.00
ferran;Ferran Torres;4;0;9;8;1;52;40;1;0;0.25;0.00;0.25;0.00;0.25;0.00;0.00
lejeune;Florian Lejeune;0;8;38;16;22;142;92;13;0;0.00;0.00;0.00;0.00;0.00;0.00;0.00
fran-beltran;Fran Beltrán;0;5;19;16;3;130;115;7;1;0.50;0.50;0.00;0.00;0.50;0.00;0.00
fran-garcia-1;Fran García;0;4;11;9;2;102;92;4;0;0.00;0.00;0.00;0.00;0.00;0.00;0.00
francisco-gonzalez;Francisco Javier González Pérez;0;0;0;0;0;0;0;0;0;0.00;0.00;0.00;0.00;0.00;0.00;0.00
f-vieites;Francisco Barbosa Vieites;0;0;0;0;0;0;0;0;0;0.00;0.00;0.00;0.00;0.00;0.00;0.00
gabriel-misehouy;Gabriel Misehouy;1;0;0;0;0;6;6;0;0;1.00;0.00;1.00;0.00;1.00;0.00;0.00
gumbau;Gerard Gumbau;0;3;13;8;5;13;7;0;0;0.00;0.00;0.00;0.00;0.00;0.00;0.00
gerard-2;Gerard Martín;0;0;5;4;1;56;45;2;0;0.00;0.00;0.00;0.00;0.00;0.00;0.00
gerard;Gerard Moreno;0;2;10;8;2;47;35;3;0;0.00;0.00;0.00;0.00;0.00;0.00;0.00
giorgi-mamardashvili;Giorgi Mamardashvili;0;0;3;1;2;116;57;23;0;0.00;0.00;0.00;0.00;0.00;0.00;0.00
giuliano-simeone;Giuliano Simeone;0;0;3;3;0;2;1;0;1;0.00;0.00;0.00;0.00;0.00;0.00;0.00
gonzalo-montiel;Gonzalo Montiel;0;0;0;0;0;0;0;0;0;0.00;0.00;0.00;0.00;0.00;0.00;0.00
guruzeta;Gorka Guruzeta;0;2;31;18;13;56;43;1;0;0.00;0.00;0.00;0.00;0.00;0.00;0.00
gorka-rivera;Gorka Rivera;0;0;0;0;0;0;0;0;0;0.00;0.00;0.00;0.00;0.00;0.00;0.00
hamari-traore;Hamari Traoré;0;11;35;24;11;154;118;9;0;0.00;0.00;0.00;0.00;0.00;0.00;0.00
horatiu-moldovan;Horatiu Moldovan;0;0;0;0;0;0;0;0;0;0.00;0.00;0.00;0.00;0.00;0.00;0.00
hugo-duro;Hugo Duro;0;3;42;19;23;53;36;0;0;0.22;0.00;0.22;0.11;0.00;0.11;0.00
hugo-g;Hugo Guillamón;0;3;14;9;5;79;59;4;0;0.00;0.00;0.00;0.00;0.00;0.00;0.00
hugo-novoa;Hugo Novoa;0;1;16;8;8;28;21;1;0;0.00;0.00;0.00;0.00;0.00;0.00;0.00
hugo-sotelo;Hugo Sotelo;0;0;1;1;0;15;8;2;0;0.00;0.00;0.00;0.00;0.00;0.00;0.00
hugo-alvarez-1;Hugo Álvarez;1;7;33;31;2;150;118;4;0;0.00;0.00;0.00;0.00;0.00;0.00;0.00
hector-bellerin;Héctor Bellerín;0;0;0;0;0;0;0;0;0;0.00;0.00;0.00;0.00;0.00;0.00;0.00
hector-fort;Héctor Fort;0;0;0;0;0;0;0;0;0;0.00;0.00;0.00;0.00;0.00;0.00;0.00
iago-aspas;Iago Aspas;1;1;23;20;3;105;75;10;5;0.29;0.14;0.14;0.29;0.00;0.00;0.00
zubeldia;Igor Zubeldia;0;1;11;5;6;76;62;3;0;0.00;0.00;0.00;0.00;0.00;0.00;0.00
iker-almena;Iker Almena;0;0;5;5;0;26;21;0;0;0.00;0.00;0.00;0.00;0.00;0.00;0.00
iker-benito;Iker Benito;0;0;5;4;1;11;9;0;0;0.00;0.00;0.00;0.00;0.00;0.00;0.00
iker-cordoba;Iker Córdoba;0;0;0;0;0;0;0;0;0;0.00;0.00;0.00;0.00;0.00;0.00;0.00
losada;Iker Losada;0;0;1;1;0;4;3;0;0;0.00;0.00;0.00;0.00;0.00;0.00;0.00
iker-munoz;Iker Muñoz;0;0;4;1;3;28;18;1;0;0.00;0.00;0.00;0.00;0.00;0.00;0.00
iker-alvarez;Iker Álvarez;0;0;0;0;0;0;0;0;0;0.00;0.00;0.00;0.00;0.00;0.00;0.00
ilaix;Ilaix Moriba;0;5;26;20;6;89;75;5;0;0.00;0.00;0.00;0.00;0.00;0.00;0.00
ilias-akhomach;Ilias Akhomach;2;4;30;27;3;30;21;2;0;0.00;0.00;0.00;0.00;0.00;0.00;0.00
ilias-kostis;Ilias Kostis;0;0;0;0;0;0;0;0;0;0.00;0.00;0.00;0.00;0.00;0.00;0.00
irvin-cardona;Irvin Cardona;0;1;14;9;5;30;18;1;0;0.00;0.00;0.00;0.00;0.00;0.00;0.00
isaac-romero;Isaac Romero;0;1;34;22;12;49;37;2;1;0.00;0.00;0.00;0.00;0.00;0.00;0.00
isi-2;Isi Palazón;5;2;31;27;4;52;38;4;1;0.00;0.00;0.00;0.00;0.00;0.00;0.00
balliu;Iván Balliu;0;5;29;19;10;59;34;2;0;0.00;0.00;0.00;0.00;0.00;0.00;0.00
cuellar;Iván Cuéllar;0;0;0;0;0;0;0;0;0;0.00;0.00;0.00;0.00;0.00;0.00;0.00
ivan-gil;Iván Gil;0;0;0;0;0;0;0;0;0;0.00;0.00;0.00;0.00;0.00;0.00;0.00
ivan-martin;Iván Martín;0;4;23;22;1;181;159;1;0;1.00;0.00;1.00;0.00;1.00;0.00;0.00
i-sanchez;Iván Sánchez Aguayo;1;4;27;25;2;60;46;9;1;0.00;0.00;0.00;0.00;0.00;0.00;0.00
ivan-villar;Iván Villar;0;0;2;0;2;102;75;5;0;0.00;0.00;0.00;0.00;0.00;0.00;0.00
inaki-pena;Ignacio Peña Sotorres;0;0;0;0;0;0;0;0;0;0.00;0.00;0.00;0.00;0.00;0.00;0.00
williams;Iñaki Williams;0;2;45;29;16;85;53;1;1;0.00;0.00;0.00;0.00;0.00;0.00;0.00
i-martinez;Íñigo Martínez;0;4;30;12;18;338;297;11;0;0.00;0.00;0.00;0.00;0.00;0.00;0.00
jackson-porozo;Jackson Porozo;0;0;0;0;0;0;0;0;0;0.00;0.00;0.00;0.00;0.00;0.00;0.00
jacobo-ramon;Jacobo Ramón;0;0;0;0;0;0;0;0;0;0.00;0.00;0.00;0.00;0.00;0.00;0.00
jailson;Jailson Marques Siqueira;0;3;24;11;13;230;198;4;0;0.00;0.00;0.00;0.00;0.00;0.00;0.00
mata;Jaime Mata;0;1;18;12;6;38;25;3;0;0.00;0.00;0.00;0.00;0.00;0.00;0.00
oblak;Jan Oblak;0;0;0;0;0;56;45;5;0;0.00;0.00;0.00;0.00;0.00;0.00;0.00
jan-salas;Jan Salas;0;0;0;0;0;0;0;0;0;0.00;0.00;0.00;0.00;0.00;0.00;0.00
cillessen;Jasper Cillessen;0;0;0;0;0;123;78;14;0;0.00;0.00;0.00;0.00;0.00;0.00;0.00
javi-galan;Javi Galán;0;0;0;0;0;0;0;0;0;0.00;0.00;0.00;0.00;0.00;0.00;0.00
javier-guerra;Javi Guerra;0;4;14;13;1;70;59;4;0;0.00;0.00;0.00;0.00;0.00;0.00;0.00
javi-hdez;Javi Hernández;0;5;34;26;8;119;90;6;1;0.00;0.00;0.00;0.00;0.00;0.00;0.00
javi-lopez-4;Javi López;0;6;28;25;3;110;93;6;0;0.00;0.00;0.00;0.00;0.00;0.00;0.00
javi-martinez-2;Javi Martínez;0;0;0;0;0;9;9;0;0;0.00;0.00;0.00;0.00;0.00;0.00;0.00
javi-munoz;Javi Muñoz;0;6;29;24;5;207;164;9;2;0.00;0.00;0.00;0.00;0.00;0.00;0.00
puado;Javi Puado;0;3;22;17;5;81;60;2;2;0.00;0.00;0.00;0.00;0.00;0.00;0.00
javi-sanchez-1;Javi Sánchez de Felipe;0;2;17;5;12;147;115;15;0;0.00;0.00;0.00;0.00;0.00;0.00;0.00
manquillo;Javier Manquillo;0;1;3;3;0;87;80;1;0;0.00;0.00;0.00;0.00;0.00;0.00;0.00
javier-marton;Javier Martón;0;0;2;0;2;4;3;0;0;0.00;0.00;0.00;0.00;0.00;0.00;0.00
javier-rodriguez-1;Javier Rodríguez;0;2;11;5;6;151;117;11;1;0.00;0.00;0.00;0.00;0.00;0.00;0.00
areso;Jesús Areso;0;4;27;22;5;123;101;3;0;0.00;0.00;0.00;0.00;0.00;0.00;0.00
j-navas;Jesús Navas;0;1;3;3;0;33;30;0;0;0.00;0.00;0.00;0.00;0.00;0.00;0.00
jesus-owono;Jesús Owono;0;0;0;0;0;0;0;0;0;0.00;0.00;0.00;0.00;0.00;0.00;0.00
vallejo;Jesús Vallejo;0;0;0;0;0;0;0;0;0;0.00;0.00;0.00;0.00;0.00;0.00;0.00
j-vazquez-1;Jesús Vázquez;0;11;45;39;6;109;82;1;0;0.00;0.00;0.00;0.00;0.00;0.00;0.00
jhon-solis;Jhon Solís;0;0;7;4;3;69;61;1;0;0.00;0.00;0.00;0.00;0.00;0.00;0.00
jiri-letacek;Jirí Letácek;0;0;0;0;0;0;0;0;0;0.00;0.00;0.00;0.00;0.00;0.00;0.00
j-garcia;Joan García;0;0;3;1;2;129;65;24;0;0.00;0.00;0.00;0.00;0.00;0.00;0.00
joaquin-panichelli;Joaquín Panichelli;0;0;0;0;0;0;0;0;0;0.00;0.00;0.00;0.00;0.00;0.00;0.00
casals;Joel Roca;0;0;0;0;0;0;0;0;0;0.00;0.00;0.00;0.00;0.00;0.00;0.00
j-carreras;Jofre Carreras;0;2;19;19;0;39;29;2;1;0.00;0.00;0.00;0.00;0.00;0.00;0.00
j-mojica;Johan Mojica;0;3;27;25;2;127;90;10;0;0.00;0.00;0.00;0.00;0.00;0.00;0.00
j-patrick;John Patrick;0;0;3;2;1;5;4;0;0;0.00;0.00;0.00;0.00;0.00;0.00;0.00
joao-cardoso;Johnny Cardoso;0;2;8;7;1;36;31;2;0;0.00;0.00;0.00;0.00;0.00;0.00;0.00
jon-aramburu;Jon Aramburu;0;3;17;11;6;35;20;1;0;0.00;0.00;0.00;0.00;0.00;0.00;0.00
guridi;Jon Guridi;0;6;27;18;9;84;65;3;1;0.00;0.00;0.00;0.00;0.00;0.00;0.00
jon-magunacelaya;Jon Magunazelaia;0;0;0;0;0;0;0;0;0;0.00;0.00;0.00;0.00;0.00;0.00;0.00
jon-martin;Jon Martín;0;0;16;6;10;30;18;2;0;0.00;0.00;0.00;0.00;0.00;0.00;0.00
moncayola;Jon Moncayola;9;12;27;21;6;104;77;2;0;0.00;0.00;0.00;0.00;0.00;0.00;0.00
jon-ander-olasagasti;Jon Olasagasti;0;1;3;3;0;16;14;0;0;0.00;0.00;0.00;0.00;0.00;0.00;0.00
pacheco-3;Jon Pacheco;0;3;24;14;10;200;161;11;0;0.00;0.00;0.00;0.00;0.00;0.00;0.00
jonathan-bamba;Jonathan Bamba;0;2;17;15;2;68;55;2;2;0.00;0.00;0.00;0.00;0.00;0.00;0.00
herrando;Jorge Herrando;0;1;11;3;8;129;92;3;0;0.00;0.00;0.00;0.00;0.00;0.00;0.00
jorge-saenz;Jorge Sáenz;0;2;15;4;11;131;107;7;0;0.00;0.00;0.00;0.00;0.00;0.00;0.00
de-frutos-1;Jorge de Frutos;0;6;37;34;3;59;40;1;0;1.00;0.00;1.00;0.00;1.00;0.00;0.00
aidoo-jr;Joseph Aidoo;0;0;0;0;0;0;0;0;0;0.00;0.00;0.00;0.00;0.00;0.00;0.00
jose-arnaiz;José Arnáiz;0;0;0;0;0;0;0;0;0;0.00;0.00;0.00;0.00;0.00;0.00;0.00
j-g-campana;José Ángel Gómez Campaña;4;1;12;10;2;123;105;8;0;0.00;0.00;0.00;0.00;0.00;0.00;0.00
j-m-gimenez;José Giménez;0;1;12;7;5;186;154;20;0;0.00;0.00;0.00;0.00;0.00;0.00;0.00
gragera;José Gragera;0;10;37;31;6;96;83;0;0;0.00;0.00;0.00;0.00;0.00;0.00;0.00
jose-angel-carmona;José Ángel Carmona;0;10;35;27;8;199;168;4;0;0.00;0.00;0.00;0.00;0.00;0.00;0.00
joao-urbaez;João Urbáez;0;0;0;0;0;0;0;0;0;0.00;0.00;0.00;0.00;0.00;0.00;0.00
juan-bernat;Juan Bernat;0;1;2;2;0;3;2;0;0;0.00;0.00;0.00;0.00;0.00;0.00;0.00
j-berrocal;Juan Berrocal;0;0;0;0;0;0;0;0;0;0.00;0.00;0.00;0.00;0.00;0.00;0.00
juan-carlos-1;Juan Carlos Martín Corral;0;0;0;0;0;0;0;0;0;0.00;0.00;0.00;0.00;0.00;0.00;0.00
juan-cruz;Juan Cruz;7;1;18;16;2;62;41;1;2;0.50;0.25;0.25;0.50;0.00;0.00;0.00
juan-cruz-1;Juan Cruz Álvaro Armada;0;1;4;4;0;49;40;2;0;0.00;0.00;0.00;0.00;0.00;0.00;0.00
juan-herzog;Juan Herzog;0;0;0;0;0;0;0;0;0;0.00;0.00;0.00;0.00;0.00;0.00;0.00
iglesias;Juan Iglesias;0;11;41;31;10;76;34;8;0;0.00;0.00;0.00;0.00;0.00;0.00;0.00
juan-musso;Juan Musso;0;0;1;0;1;23;17;1;0;0.00;0.00;0.00;0.00;0.00;0.00;0.00
juan-soriano;Juan Soriano;0;1;3;3;0;114;28;21;0;0.00;0.00;0.00;0.00;0.00;0.00;0.00
juanlu-1;Juanlu Sánchez;0;3;11;10;1;60;49;1;0;0.50;0.00;0.50;0.00;0.50;0.00;0.00
juanmi;Juan Miguel Jiménez López;0;4;23;19;4;30;21;1;0;0.00;0.00;0.00;0.00;0.00;0.00;0.00
juan-latasa;Juanmi Latasa;0;0;17;8;9;12;7;0;0;0.00;0.00;0.00;0.00;0.00;0.00;0.00
juanpe-rl;Juan Pedro Ramírez López;0;0;0;0;0;0;0;0;0;0.00;0.00;0.00;0.00;0.00;0.00;0.00
jude-bellingham;Jude Bellingham;0;6;15;12;3;72;60;2;1;0.00;0.00;0.00;0.00;0.00;0.00;0.00
julen-agirrezabala;Julen Agirrezabala;0;0;1;1;0;53;30;9;0;0.00;0.00;0.00;0.00;0.00;0.00;0.00
julen-lartitegi;Julen Lartitegi;0;0;0;0;0;0;0;0;0;0.00;0.00;0.00;0.00;0.00;0.00;0.00
kounde;Jules Koundé;0;9;32;24;8;233;194;10;2;0.50;0.00;0.50;0.00;0.50;0.00;0.00
julian-alvarez;Julián Álvarez;0;2;7;4;3;49;35;2;0;0.00;0.00;0.00;0.00;0.00;0.00;0.00
julian-chicco;Julián Chicco;0;6;15;13;2;24;20;0;0;0.00;0.00;0.00;0.00;0.00;0.00;0.00
karl-hein;Karl Hein;0;0;0;0;0;122;59;22;0;0.00;0.00;0.00;0.00;0.00;0.00;0.00
kelechi-iheanacho;Kelechi Iheanacho;0;0;2;1;1;10;8;0;0;0.00;0.00;0.00;0.00;0.00;0.00;0.00
kike-g;Kike García;0;2;38;18;20;39;27;3;1;0.17;0.00;0.17;0.00;0.00;0.17;0.00
kike-1;Kike Pérez;2;9;47;41;6;144;119;10;0;0.00;0.00;0.00;0.00;0.00;0.00;0.00
kike-salas;Kike Salas;0;1;8;2;6;83;65;2;0;0.00;0.00;0.00;0.00;0.00;0.00;0.00
kiko-femenia;Kiko Femenía;0;4;22;18;4;214;184;11;0;0.00;0.00;0.00;0.00;0.00;0.00;0.00
kirian;Kirian Rodríguez;0;6;31;27;4;280;229;13;1;0.00;0.00;0.00;0.00;0.00;0.00;0.00
koke-5;Jorge Iglesias González;0;0;0;0;0;0;0;0;0;0.00;0.00;0.00;0.00;0.00;0.00;0.00
koke;Jorge Resurrección Merodio;1;9;27;24;3;213;179;13;0;0.50;0.00;0.50;0.00;0.50;0.00;0.00
kylian-mbappe-lottin;Kylian Mbappé;1;0;33;32;1;104;82;6;0;0.13;0.00;0.13;0.06;0.06;0.00;0.00
ladislav-krejci-ii;Ladislav Krejcí;0;0;0;0;0;11;11;0;0;0.00;0.00;0.00;0.00;0.00;0.00;0.00
gonzalo-aguilar;Lalo Aguilar;0;0;0;0;0;0;0;0;0;0.00;0.00;0.00;0.00;0.00;0.00;0.00
lamine-yamal;Lamine Yamal Nasraoui Ebana;0;8;61;60;1;177;140;3;3;0.17;0.17;0.00;0.17;0.00;0.00;0.00
cabrera;Leandro Cabrera;0;3;15;4;11;129;84;8;0;0.00;0.00;0.00;0.00;0.00;0.00;0.00
leo-1;Leo Román;0;0;0;0;0;22;10;6;0;0.00;0.00;0.00;0.00;0.00;0.00;0.00
logan-costa;Logan Evans Costa;0;0;6;0;6;68;57;4;0;0.00;0.00;0.00;0.00;0.00;0.00;0.00
loic-bade;Loïc Badé;0;5;24;15;9;206;172;9;1;0.00;0.00;0.00;0.00;0.00;0.00;0.00
lucas-alcazar-moreno;Lucas Alcázar;0;0;0;0;0;0;0;0;0;0.00;0.00;0.00;0.00;0.00;0.00;0.00
l-ocampos;Lucas Ocampos;1;3;25;18;7;82;56;4;0;0.00;0.00;0.00;0.00;0.00;0.00;0.00
lucas-rosa;Lucas Oliveira Rosa;0;13;30;28;2;126;101;3;1;0.00;0.00;0.00;0.00;0.00;0.00;0.00
torro;Lucas Torró;0;8;51;32;19;199;146;11;0;0.00;0.00;0.00;0.00;0.00;0.00;0.00
lucas-v;Lucas Vázquez;0;2;14;14;0;46;40;1;0;0.00;0.00;0.00;0.00;0.00;0.00;0.00
lucien-agoume;Lucien Agoumé;0;6;29;20;9;167;139;2;1;0.00;0.00;0.00;0.00;0.00;0.00;0.00
l-milla;Luis Milla;11;8;48;29;19;108;67;8;0;0.00;0.00;0.00;0.00;0.00;0.00;0.00
l-perez;Luis Pérez;0;3;22;16;6;130;98;6;1;0.00;0.00;0.00;0.00;0.00;0.00;0.00
l-rioja;Luis Rioja;3;5;32;29;3;64;49;1;0;0.00;0.00;0.00;0.00;0.00;0.00;0.00
luiz-junior-1;Luiz Lúcio Reis Júnior;0;0;0;0;0;0;0;0;0;0.00;0.00;0.00;0.00;0.00;0.00;0.00
modric;Luka Modric;10;2;12;9;3;136;111;6;0;0.00;0.00;0.00;0.00;0.00;0.00;0.00
luka;Luka Romero;0;2;15;11;4;18;13;0;0;0.00;0.00;0.00;0.00;0.00;0.00;0.00
luka-sucic;Luka Sucic;0;1;2;1;1;9;6;1;0;0.00;0.00;0.00;0.00;0.00;0.00;0.00
m-sylla;Mamadou Sylla;0;0;9;3;6;23;15;0;0;0.00;0.00;0.00;0.00;0.00;0.00;0.00
manu-fuster;Manu Fuster;5;1;13;12;1;53;45;0;1;0.00;0.00;0.00;0.00;0.00;0.00;0.00
manu-gonzalez;Manu González;0;0;0;0;0;0;0;0;0;0.00;0.00;0.00;0.00;0.00;0.00;0.00
morlanes;Manu Morlanes;1;5;23;14;9;114;100;5;0;0.00;0.00;0.00;0.00;0.00;0.00;0.00
m-sanchez;Manu Sánchez;0;4;13;11;2;65;39;3;0;0.00;0.00;0.00;0.00;0.00;0.00;0.00
marash-kumbulla;Marash Kumbulla;0;7;25;19;6;114;91;9;0;0.00;0.00;0.00;0.00;0.00;0.00;0.00
bartra;Marc Bartra;0;2;12;5;7;102;75;10;1;1.00;0.00;1.00;0.00;0.00;1.00;0.00
marc-bernal;Marc Bernal;0;8;28;21;7;160;139;9;0;0.00;0.00;0.00;0.00;0.00;0.00;0.00
marc;Marc Cardona;0;0;2;2;0;6;4;0;0;0.00;0.00;0.00;0.00;0.00;0.00;0.00
marc-casado;Marc Casadó;0;4;15;15;0;126;110;5;0;0.00;0.00;0.00;0.00;0.00;0.00;0.00
marc-domenech;Marc Domenech;0;0;16;7;9;16;12;0;0;0.00;0.00;0.00;0.00;0.00;0.00;0.00
marc-roca;Marc Roca;0;8;21;19;2;123;101;6;0;0.00;0.00;0.00;0.00;0.00;0.00;0.00
marc-vidal;Marc Vidal;0;0;0;0;0;0;0;0;0;0.00;0.00;0.00;0.00;0.00;0.00;0.00
ter-stegen;Marc-André ter Stegen;0;0;2;1;1;116;89;13;0;0.00;0.00;0.00;0.00;0.00;0.00;0.00
marco-de-las-sias;Marco de Las Sias;0;0;0;0;0;0;0;0;0;0.00;0.00;0.00;0.00;0.00;0.00;0.00
marcos-andre;Marcos André de Sousa Mendonça;0;0;24;16;8;19;12;1;0;0.00;0.00;0.00;0.00;0.00;0.00;0.00
m-llorente;Marcos Llorente;0;10;27;23;4;140;115;4;0;1.00;0.50;0.50;0.00;1.00;0.00;0.00
marcao;Marcos do Nascimento Teixeira;0;3;14;10;4;105;91;0;0;0.00;0.00;0.00;0.00;0.00;0.00;0.00
mario-martin;Mario Martín;0;1;12;10;2;18;15;2;0;0.00;0.00;0.00;0.00;0.00;0.00;0.00
dmitrovic;Marko Dmitrovic;0;0;0;0;0;0;0;0;0;0.00;0.00;0.00;0.00;0.00;0.00;0.00
valjent;Martin Valjent;0;1;13;6;7;168;126;19;0;0.00;0.00;0.00;0.00;0.00;0.00;0.00
martin-tejon;Martín Tejón;0;2;11;10;1;21;17;0;0;0.00;0.00;0.00;0.00;0.00;0.00;0.00
zubimendi;Martín Zubimendi;0;2;28;14;14;176;142;7;0;0.33;0.00;0.33;0.33;0.00;0.00;0.00
marvin-1;Marvin Olawale Akinlabi Park;0;8;31;28;3;83;59;6;0;0.00;0.00;0.00;0.00;0.00;0.00;0.00
mateu-morey;Mateu Morey;0;0;0;0;0;0;0;0;0;0.00;0.00;0.00;0.00;0.00;0.00;0.00
matias-arbol;Matías Árbol;0;0;0;0;0;0;0;0;0;0.00;0.00;0.00;0.00;0.00;0.00;0.00
m-arambarri;Mauro Arambarri;1;0;8;3;5;30;16;3;0;0.00;0.00;0.00;0.00;0.00;0.00;0.00
miguel-3;Miguel Gutiérrez;0;9;35;31;4;159;139;5;1;0.00;0.00;0.00;0.00;0.00;0.00;0.00
miguel-2;Miguel de la Fuente;0;0;32;20;12;35;18;1;0;0.00;0.00;0.00;0.00;0.00;0.00;0.00
m-morro;Miguel Ángel Morro;0;0;0;0;0;0;0;0;0;0.00;0.00;0.00;0.00;0.00;0.00;0.00
mika-marmol;Mika Mármol;0;7;24;18;6;216;180;6;0;0.00;0.00;0.00;0.00;0.00;0.00;0.00
mikel-jauregizar;Mikel Jauregizar;5;5;16;12;4;70;59;5;1;0.00;0.00;0.00;0.00;0.00;0.00;0.00
oyarzabal;Mikel Oyarzabal;0;0;15;7;8;30;20;0;0;0.00;0.00;0.00;0.00;0.00;0.00;0.00
vesga;Mikel Vesga;0;4;16;15;1;83;56;6;0;0.00;0.00;0.00;0.00;0.00;0.00;0.00
moi-gomez;Moi Gómez;1;6;24;19;5;104;85;5;0;0.00;0.00;0.00;0.00;0.00;0.00;0.00
moussa-diarra-1;Moussa Diarra;0;2;11;9;2;41;31;1;0;0.00;0.00;0.00;0.00;0.00;0.00;0.00
munir;Munir El Haddadi;0;0;6;2;4;11;9;0;0;0.00;0.00;0.00;0.00;0.00;0.00;0.00
nabil-aberdin;Nabil Aberdin;0;5;30;18;12;47;25;5;0;0.00;0.00;0.00;0.00;0.00;0.00;0.00
fekir;Nabil Fekir;8;3;26;24;2;72;60;2;1;0.00;0.00;0.00;0.00;0.00;0.00;0.00
nacho-vidal;Nacho Vidal;0;2;9;6;3;31;24;1;0;0.00;0.00;0.00;0.00;0.00;0.00;0.00
naci-unuvar;Naci Ünüvar;0;0;0;0;0;0;0;0;0;0.00;0.00;0.00;0.00;0.00;0.00;0.00
nahuel-molina;Nahuel Molina;0;2;6;4;2;55;43;0;0;0.00;0.00;0.00;0.00;0.00;0.00;0.00
nahuel-tenaglia;Nahuel Tenaglia;0;7;29;20;9;60;37;3;0;0.00;0.00;0.00;0.00;0.00;0.00;0.00
natan;Natan Bernardo de Souza;0;1;6;1;5;27;23;0;0;0.00;0.00;0.00;0.00;0.00;0.00;0.00
gudelj;Nemanja Gudelj;0;1;9;2;7;100;92;2;0;0.00;0.00;0.00;0.00;0.00;0.00;0.00
nicolas-serrano;Nico Serrano;0;0;0;0;0;0;0;0;0;0.00;0.00;0.00;0.00;0.00;0.00;0.00
williams-jr;Nicholas Williams Arthuer;1;4;35;31;4;56;41;2;0;0.00;0.00;0.00;0.00;0.00;0.00;0.00
nicolas-pepe;Nicolas Pépé;0;1;19;12;7;36;28;1;0;0.00;0.00;0.00;0.00;0.00;0.00;0.00
oier-gastesi;Oier Gastesi;0;0;0;0;0;0;0;0;0;0.00;0.00;0.00;0.00;0.00;0.00;0.00
o-sancet-1;Oihan Sancet;0;2;22;19;3;118;95;3;1;0.50;0.25;0.25;0.00;0.50;0.00;0.00
oliver-mcburnie;Oliver McBurnie;0;4;60;25;35;95;64;2;0;0.00;0.00;0.00;0.00;0.00;0.00;0.00
omar-alderete;Omar Alderete;0;2;26;8;18;124;53;22;0;0.00;0.00;0.00;0.00;0.00;0.00;0.00
omar-1;Omar El Hilali;0;6;27;18;9;140;109;10;0;0.00;0.00;0.00;0.00;0.00;0.00;0.00
mascarell;Omar Mascarell;0;5;19;14;5;74;63;4;0;0.00;0.00;0.00;0.00;0.00;0.00;0.00
omar-sadik;Omar Sadik;0;0;0;0;0;0;0;0;0;0.00;0.00;0.00;0.00;0.00;0.00;0.00
oriol-romeu;Oriol Romeu;0;6;24;20;4;151;135;3;1;0.00;0.00;0.00;0.00;0.00;0.00;0.00
orri-oskarsson;Orri Óskarsson;0;0;8;1;7;10;1;1;0;0.00;0.00;0.00;0.00;0.00;0.00;0.00
pablo-barrios-rivas;Pablo Barrios;0;9;33;26;7;215;178;12;0;0.00;0.00;0.00;0.00;0.00;0.00;0.00
pablo-duran;Pablo Durán;0;1;4;4;0;6;4;0;0;0.00;0.00;0.00;0.00;0.00;0.00;0.00
p-fornals;Pablo Fornals;4;2;13;12;1;97;78;4;0;0.00;0.00;0.00;0.00;0.00;0.00;0.00
pablo-ibanez;Pablo Ibáñez;0;0;6;3;3;21;19;0;0;0.00;0.00;0.00;0.00;0.00;0.00;0.00
maffeo;Pablo Maffeo;0;10;31;27;4;84;60;5;0;0.00;0.00;0.00;0.00;0.00;0.00;0.00
pablo-marin;Pablo Marín;0;0;4;3;1;7;2;1;0;0.00;0.00;0.00;0.00;0.00;0.00;0.00
pablo-rivera;Pablo Rivera;0;0;0;0;0;0;0;0;0;0.00;0.00;0.00;0.00;0.00;0.00;0.00
pablo-torre;Pablo Torre;0;0;0;0;0;3;3;0;0;0.00;0.00;0.00;0.00;0.00;0.00;0.00
pape-alassane-gueye;Pape Gueye;0;3;20;17;3;91;64;9;0;0.00;0.00;0.00;0.00;0.00;0.00;0.00
pathe-ciss;Pathé Ciss;0;3;20;15;5;65;46;1;0;0.00;0.00;0.00;0.00;0.00;0.00;0.00
pau-cabanes-de-la-torre;Pau Cabanes De La Torre;0;0;0;0;0;0;0;0;0;0.00;0.00;0.00;0.00;0.00;0.00;0.00
pau-cubarsi;Pau Cubarsí;0;3;26;12;14;285;255;10;1;0.00;0.00;0.00;0.00;0.00;0.00;0.00
pau-lopez;Pau López;0;0;0;0;0;0;0;0;0;0.00;0.00;0.00;0.00;0.00;0.00;0.00
pau-navarro;Pau Navarro;0;0;0;0;0;0;0;0;0;0.00;0.00;0.00;0.00;0.00;0.00;0.00
pau-victor;Pau Víctor;0;1;6;6;0;9;6;0;0;0.00;0.00;0.00;0.00;0.00;0.00;0.00
paulo-gazzaniga;Paulo Gazzaniga;0;0;0;0;0;110;75;12;0;0.00;0.00;0.00;0.00;0.00;0.00;0.00
pedri;Pedro González López;1;5;23;23;0;181;148;7;1;0.50;0.00;0.50;0.50;0.00;0.00;0.00
pedro-diaz;Pedro Díaz;0;1;2;1;1;2;2;0;0;0.00;0.00;0.00;0.00;0.00;0.00;0.00
pelayo-fernandez;Pelayo Fernández;0;0;0;0;0;0;0;0;0;0.00;0.00;0.00;0.00;0.00;0.00;0.00
chavarria-1;Pep Chavarría;0;2;6;4;2;42;32;2;0;0.00;0.00;0.00;0.00;0.00;0.00;0.00
pepelu;José Luis García Vayá;19;10;32;24;8;244;188;16;2;0.00;0.00;0.00;0.00;0.00;0.00;0.00
peque-1;Gerard Fernández Castellano;0;0;6;4;2;16;13;0;0;0.00;0.00;0.00;0.00;0.00;0.00;0.00
pere-milla;Pere Milla;0;0;9;8;1;22;13;1;0;0.00;0.00;0.00;0.00;0.00;0.00;0.00
peter;Peter Federico González Carmona;0;0;10;5;5;16;10;1;0;0.00;0.00;0.00;0.00;0.00;0.00;0.00
pol-lozano;Pol Lozano;0;1;6;4;2;36;30;0;0;0.00;0.00;0.00;0.00;0.00;0.00;0.00
portu;Cristian Portugués Manzanera;6;2;7;7;0;37;33;0;0;0.00;0.00;0.00;0.00;0.00;0.00;0.00
rafa-mir;Rafa Mir;0;6;28;19;9;41;25;1;0;0.00;0.00;0.00;0.00;0.00;0.00;0.00
rafael-bauza;Rafael Bauza;0;0;0;0;0;0;0;0;0;0.00;0.00;0.00;0.00;0.00;0.00;0.00
r-terrats;Ramon Terrats;0;1;3;3;0;11;5;2;0;0.00;0.00;0.00;0.00;0.00;0.00;0.00
nteka;Randy Nteka;0;3;32;13;19;32;22;1;0;0.00;0.00;0.00;0.00;0.00;0.00;0.00
raphinha;Raphael Dias Belloli;24;5;29;28;1;158;111;11;3;0.30;0.00;0.30;0.30;0.00;0.00;0.00
r-albiol;Raúl Albiol;0;2;16;7;9;174;152;6;0;0.00;0.00;0.00;0.00;0.00;0.00;0.00
raul-chasco;Raúl Chasco;0;0;0;0;0;0;0;0;0;0.00;0.00;0.00;0.00;0.00;0.00;0.00
raul-4;Raúl García;0;0;7;6;1;13;8;0;0;0.00;0.00;0.00;0.00;0.00;0.00;0.00
raul-jimenez-1;Raúl Jiménez;0;0;0;0;0;0;0;0;0;0.00;0.00;0.00;0.00;0.00;0.00;0.00
raul-moro;Raúl Moro;7;2;33;30;3;90;64;4;0;0.20;0.20;0.00;0.00;0.20;0.00;0.00
r-d-t;Raúl de Tomás;0;0;0;0;0;0;0;0;0;0.00;0.00;0.00;0.00;0.00;0.00;0.00
reinildo;Reinildo Isnard Mandava;0;7;19;15;4;114;93;1;0;0.00;0.00;0.00;0.00;0.00;0.00;0.00
tapia-1;Renato Tapia;0;2;13;9;4;43;26;4;0;0.00;0.00;0.00;0.00;0.00;0.00;0.00
ricardo-rodriguez-1;Ricardo Rodríguez;0;0;6;5;1;34;31;0;0;0.00;0.00;0.00;0.00;0.00;0.00;0.00
robert-lewandowski;Robert Lewandowski;0;1;33;23;10;76;49;2;0;0.31;0.00;0.31;0.15;0.15;0.00;0.00
navarro-2;Robert Navarro;0;0;6;6;0;6;4;0;0;0.00;0.00;0.00;0.00;0.00;0.00;0.00
lopez-alcaide;Roberto López;1;0;1;0;1;11;9;0;0;0.00;0.00;0.00;0.00;0.00;0.00;0.00
le-normand;Robin Le Normand;0;8;29;21;8;236;206;8;0;0.00;0.00;0.00;0.00;0.00;0.00;0.00
rodri-3;Rodrigo Sánchez Rodríguez;3;2;17;15;2;59;49;2;0;0.00;0.00;0.00;0.00;0.00;0.00;0.00
rodrigo-abajas;Rodrigo Abajas;0;0;0;0;0;0;0;0;0;0.00;0.00;0.00;0.00;0.00;0.00;0.00
de-paul;Rodrigo De Paul;1;1;15;14;1;113;85;9;1;0.00;0.00;0.00;0.00;0.00;0.00;0.00
riquelme;Rodrigo Riquelme;6;2;16;11;5;82;72;2;0;0.00;0.00;0.00;0.00;0.00;0.00;0.00
rodrygo;Rodrygo Silva de Goes;9;3;32;29;3;170;151;0;0;0.20;0.00;0.20;0.00;0.20;0.00;0.00
romain-perraud;Romain Perraud;0;6;33;30;3;99;78;1;0;0.00;0.00;0.00;0.00;0.00;0.00;0.00
ruben-garcia;Rubén García;5;7;37;30;7;126;97;10;0;0.20;0.00;0.20;0.00;0.20;0.00;0.00
r-pena;Rubén Peña;0;1;4;4;0;11;6;0;0;0.00;0.00;0.00;0.00;0.00;0.00;0.00
rui-silva;Rui Tiago Dantas da Silva;0;0;3;3;0;88;55;9;0;0.00;0.00;0.00;0.00;0.00;0.00;0.00
sanchez-1;Salvi Sánchez;0;0;0;0;0;0;0;0;0;0.00;0.00;0.00;0.00;0.00;0.00;0.00
samuel-lino;Samuel Dias Lino;1;6;36;33;3;141;109;10;0;0.00;0.00;0.00;0.00;0.00;0.00;0.00
samu-3;Samuel de Almeida Costa;0;13;64;44;20;194;148;13;0;0.00;0.00;0.00;0.00;0.00;0.00;0.00
sandro;Sandro Ramírez;6;3;18;17;1;48;38;1;0;0.33;0.00;0.33;0.17;0.17;0.00;0.00
santi-c-v;Santi Comesaña;0;3;29;21;8;159;138;10;1;0.00;0.00;0.00;0.00;0.00;0.00;0.00
santiago-mourino;Santiago Mouriño;0;0;0;0;0;0;0;0;0;0.00;0.00;0.00;0.00;0.00;0.00;0.00
saul-1;Saúl Ñíguez;0;7;24;18;6;93;74;2;0;0.00;0.00;0.00;0.00;0.00;0.00;0.00
scott-mckenna;Scott McKenna;0;2;13;4;9;205;178;4;0;0.00;0.00;0.00;0.00;0.00;0.00;0.00
selim-amallah;Selim Amallah;2;5;36;34;2;75;59;5;2;0.00;0.00;0.00;0.00;0.00;0.00;0.00
sergi-altimira;Sergi Altimira;0;0;1;0;1;20;15;3;0;0.00;0.00;0.00;0.00;0.00;0.00;0.00
sergi-canos;Sergi Canós;2;0;2;1;1;10;8;0;0;0.00;0.00;0.00;0.00;0.00;0.00;0.00
sergi-cardona;Sergi Cardona;0;10;30;24;6;155;119;8;0;0.33;0.00;0.33;0.33;0.00;0.00;0.00
s-darder;Sergi Darder;6;3;18;17;1;99;69;9;0;0.00;0.00;0.00;0.00;0.00;0.00;0.00
sergi-dominguez;Sergi Domínguez;0;0;0;0;0;34;31;1;0;0.00;0.00;0.00;0.00;0.00;0.00;0.00
s-gomez;Sergi Gómez;0;1;8;1;7;81;72;2;0;0.00;0.00;0.00;0.00;0.00;0.00;0.00
camello;Sergio Camello;0;1;17;11;6;31;24;1;1;1.00;0.00;1.00;1.00;0.00;0.00;0.00
s-carreira;Sergio Carreira;0;4;12;10;2;37;31;0;0;0.00;0.00;0.00;0.00;0.00;0.00;0.00
sergio-g;Sergio González;0;3;31;9;22;213;173;13;0;0.00;0.00;0.00;0.00;0.00;0.00;0.00
sergio-gomez;Sergio Gómez;14;7;32;20;12;113;86;3;0;0.00;0.00;0.00;0.00;0.00;0.00;0.00
s-herrera;Sergio Herrera;0;0;0;0;0;115;55;24;0;0.00;0.00;0.00;0.00;0.00;0.00;0.00
seydouba-cisse;Seydouba Cissé;1;2;18;15;3;126;104;8;0;0.00;0.00;0.00;0.00;0.00;0.00;0.00
sheraldo-becker;Sheraldo Becker;0;1;17;11;6;52;34;1;0;0.00;0.00;0.00;0.00;0.00;0.00;0.00
siebe-van-der-heyden;Siebe Van der Heyden;0;0;0;0;0;0;0;0;0;0.00;0.00;0.00;0.00;0.00;0.00;0.00
stanis-idumbo-muzambo;Stanis Idumbo Muzambo;0;1;3;3;0;4;3;0;0;0.00;0.00;0.00;0.00;0.00;0.00;0.00
stanko-juric;Stanko Juric;0;10;34;28;6;131;113;3;0;0.00;0.00;0.00;0.00;0.00;0.00;0.00
stipe-biuk;Stipe Biuk;0;0;0;0;0;0;0;0;0;0.00;0.00;0.00;0.00;0.00;0.00;0.00
stoichkov;Juan Diego Molina Martínez;0;2;20;14;6;56;30;5;4;0.00;0.00;0.00;0.00;0.00;0.00;0.00
dimitrievski;Stole Dimitrievski;0;0;0;0;0;0;0;0;0;0.00;0.00;0.00;0.00;0.00;0.00;0.00
take;Takefusa Kubo;1;3;43;40;3;60;40;1;0;0.50;0.00;0.50;0.50;0.00;0.00;0.00
takuma-asano;Takuma Asano;0;4;22;17;5;41;29;1;0;0.00;0.00;0.00;0.00;0.00;0.00;0.00
nianzou-kouassi;Tanguy Nianzou;0;1;12;3;9;60;53;3;0;0.00;0.00;0.00;0.00;0.00;0.00;0.00
tasos-douvikas;Tasos Douvikas;0;3;27;23;4;29;20;0;0;0.00;0.00;0.00;0.00;0.00;0.00;0.00
courtois;Thibaut Courtois;0;0;3;0;3;106;87;10;0;0.00;0.00;0.00;0.00;0.00;0.00;0.00
thierno-barry-1;Thierno Barry;0;0;33;16;17;22;9;0;0;0.33;0.00;0.33;0.00;0.00;0.33;0.00
thierry-r;Thierry Rendall Correia;0;9;37;32;5;140;106;7;0;0.00;0.00;0.00;0.00;0.00;0.00;0.00
tomas-conechny;Tomás Conechny;3;2;25;18;7;35;18;0;0;0.00;0.00;0.00;0.00;0.00;0.00;0.00
lato;Antonio Latorre Grueso;0;2;8;7;1;32;24;2;0;0.00;0.00;0.00;0.00;0.00;0.00;0.00
t-martinez;Toni Martínez;0;2;13;3;10;14;6;0;1;0.50;0.25;0.25;0.25;0.25;0.00;0.00
toni-villa;Laureano Antonio Villa Suárez;0;0;0;0;0;0;0;0;0;0.00;0.00;0.00;0.00;0.00;0.00;0.00
sadiq;Umar Sadiq;0;2;27;15;12;22;10;0;0;0.00;0.00;0.00;0.00;0.00;0.00;0.00
unai-egiluz;Unai Egiluz;0;0;0;0;0;0;0;0;0;0.00;0.00;0.00;0.00;0.00;0.00;0.00
unai-garcia;Unai García;0;0;0;0;0;0;0;0;0;0.00;0.00;0.00;0.00;0.00;0.00;0.00
unai-gomez;Unai Gómez;4;0;18;14;4;20;18;0;0;0.00;0.00;0.00;0.00;0.00;0.00;0.00
unai-lopez;Unai López;2;1;13;9;4;101;82;4;1;0.50;0.00;0.50;0.00;0.50;0.00;0.00
marrero;Unai Marrero;0;0;0;0;0;0;0;0;0;0.00;0.00;0.00;0.00;0.00;0.00;0.00
nunez-2;Unai Núñez;0;0;0;0;0;0;0;0;0;0.00;0.00;0.00;0.00;0.00;0.00;0.00
gonzalez-de-zarate;Urko González;0;0;5;3;2;16;9;1;0;0.00;0.00;0.00;0.00;0.00;0.00;0.00
valentin-rosier;Valentin Rosier;0;10;42;37;5;98;66;4;0;0.00;0.00;0.00;0.00;0.00;0.00;0.00
valentin-barco;Valentín Barco;7;6;17;17;0;41;33;1;1;0.00;0.00;0.00;0.00;0.00;0.00;0.00
valentin-pezzolesi;Valentín Pezzolesi;0;0;0;0;0;0;0;0;0;0.00;0.00;0.00;0.00;0.00;0.00;0.00
vedat-muriqi;Vedat Muriqi;0;0;57;21;36;80;50;4;0;0.10;0.00;0.10;0.00;0.00;0.10;0.00
guaita;Vicente Guaita;0;0;0;0;0;0;0;0;0;0.00;0.00;0.00;0.00;0.00;0.00;0.00
viktor-tsygankov;Viktor Tsyhankov;14;2;15;13;2;98;74;2;0;0.50;0.00;0.50;0.50;0.00;0.00;0.00
vini-jr;Vinícius José Paixão de Oliveira Júnior;1;1;59;57;2;134;106;1;1;0.14;0.00;0.14;0.00;0.14;0.00;0.00
viti;Viti Rozada;0;2;14;7;7;45;37;1;0;0.00;0.00;0.00;0.00;0.00;0.00;0.00
vitor-roque;Vitor Hugo Roque Ferreira;0;0;6;5;1;6;5;0;0;0.00;0.00;0.00;0.00;0.00;0.00;0.00
v-meseguer;Víctor Meseguer;0;4;17;13;4;45;36;2;0;0.00;0.00;0.00;0.00;0.00;0.00;0.00
victor-puig;Víctor Puig;0;0;0;0;0;0;0;0;0;0.00;0.00;0.00;0.00;0.00;0.00;0.00
walid-cheddira;Walid Cheddira;0;0;16;9;7;6;5;0;0;0.00;0.00;0.00;0.00;0.00;0.00;0.00
william-2;William Silva de Carvalho;0;3;23;18;5;167;129;11;0;0.00;0.00;0.00;0.00;0.00;0.00;0.00
williot-swedberg;Williot Swedberg;0;2;18;16;2;37;29;2;1;0.14;0.14;0.00;0.00;0.14;0.00;0.00
willy-kambwala;Willy Kambwala;0;4;10;4;6;41;25;5;0;0.00;0.00;0.00;0.00;0.00;0.00;0.00
herrera-1;Yangel Herrera;0;10;43;37;6;146;130;1;0;0.00;0.00;0.00;0.00;0.00;0.00;0.00
yarek-gasiorowski;Yarek Gasiorowski;0;4;15;6;9;89;73;5;1;0.00;0.00;0.00;0.00;0.00;0.00;0.00
jesus-santiago;Jesús Santiago Pérez;0;3;6;6;0;9;5;1;0;0.00;0.00;0.00;0.00;0.00;0.00;0.00
yeray-2;Yeray Álvarez;0;6;33;22;11;230;177;18;1;0.00;0.00;0.00;0.00;0.00;0.00;0.00
yeremy;Yeremy Pino;0;7;31;28;3;77;57;1;0;0.00;0.00;0.00;0.00;0.00;0.00;0.00
youssouf-sabaly;Youssouf Sabaly;0;8;21;21;0;106;83;2;1;0.00;0.00;0.00;0.00;0.00;0.00;0.00
yuri-b;Yuri Berchiche;0;4;19;15;4;120;103;5;0;0.00;0.00;0.00;0.00;0.00;0.00;0.00
yvan-neyou;Yvan Neyou;0;5;35;27;8;144;112;8;0;0.00;0.00;0.00;0.00;0.00;0.00;0.00
yaser-asprilla;Yáser Asprilla;0;1;9;9;0;17;16;0;0;0.00;0.00;0.00;0.00;0.00;0.00;0.00
alex-b;Álex Baena;11;0;23;18;5;76;53;4;2;0.00;0.00;0.00;0.00;0.00;0.00;0.00
alejandro-gil;Álex Gil;0;0;0;0;0;0;0;0;0;0.00;0.00;0.00;0.00;0.00;0.00;0.00
alex-munoz;Álex Muñoz;0;5;18;13;5;57;35;2;0;0.00;0.00;0.00;0.00;0.00;0.00;0.00
alex-padilla;Alejandro Padilla Pérez;0;0;2;1;1;64;20;13;0;0.00;0.00;0.00;0.00;0.00;0.00;0.00
a-remiro;Álex Remiro;0;0;1;0;1;143;73;28;0;0.00;0.00;0.00;0.00;0.00;0.00;0.00
a-sola;Álex Sola;0;3;46;32;14;42;21;1;0;0.00;0.00;0.00;0.00;0.00;0.00;0.00
alex-suarez;Álex Suárez;0;9;29;16;13;210;173;8;0;0.00;0.00;0.00;0.00;0.00;0.00;0.00
alex-valle;Álex Valle;0;0;0;0;0;0;0;0;0;0.00;0.00;0.00;0.00;0.00;0.00;0.00
aguado-1;Álvaro Aguado;1;3;10;10;0;83;65;3;1;0.00;0.00;0.00;0.00;0.00;0.00;0.00
alvaro-djalo;Álvaro Djaló Dias Fernandes;0;0;9;7;2;16;12;0;0;0.00;0.00;0.00;0.00;0.00;0.00;0.00
alvaro-fernandez;Álvaro Fernández;0;0;0;0;0;0;0;0;0;0.00;0.00;0.00;0.00;0.00;0.00;0.00
alvaro-1;Álvaro García;0;5;12;10;2;47;28;3;0;0.25;0.00;0.25;0.00;0.25;0.00;0.00
alvaro-killane;Álvaro Killane;0;0;0;0;0;0;0;0;0;0.00;0.00;0.00;0.00;0.00;0.00;0.00
a-tejero;Álvaro Tejero;5;0;13;9;4;62;46;1;0;0.00;0.00;0.00;0.00;0.00;0.00;0.00
correa;Ángel Correa;0;1;15;13;2;29;25;0;0;1.00;0.00;1.00;0.00;1.00;0.00;0.00
angel-f;Ángel Fortuño;0;0;0;0;0;0;0;0;0;0.00;0.00;0.00;0.00;0.00;0.00;0.00
e-militao;Éder Gabriel Militão;0;5;41;25;16;264;229;15;0;0.00;0.00;0.00;0.00;0.00;0.00;0.00
i-lekue;Íñigo Lekue;0;3;10;10;0;102;85;2;0;0.00;0.00;0.00;0.00;0.00;0.00;0.00
de-marcos;Óscar De Marcos;0;2;12;10;2;44;32;1;0;0.00;0.00;0.00;0.00;0.00;0.00;0.00
mingueza;Óscar Mingueza;2;6;20;18;2;202;151;9;0;0.50;0.25;0.25;0.00;0.50;0.00;0.25
oscar-4;Óscar Rodríguez;3;2;24;19;5;66;48;4;0;0.00;0.00;0.00;0.00;0.00;0.00;0.00
oscar-trejo;Óscar Trejo;0;1;13;11;2;19;14;0;0;0.00;0.00;0.00;0.00;0.00;0.00;0.00
oscar-5;Óscar Valentín;0;6;45;32;13;120;93;5;0;0.00;0.00;0.00;0.00;0.00;0.00;0.00
orjan-nyland;Ørjan Nyland;0;0;1;0;1;121;56;16;0;0.00;0.00;0.00;0.00;0.00;0.00;0.00
