ID;Jugador;CL;ENT;DUE;D;DA;PC;PCC;PLC;PH;GPT;GPTFA;GPTDA;GCPI;GCPD;CG;GABP
abdessamad-ezzalzouli;Abde Ezzalzouli;1;31;247;198;49;536;392;9;2;002;000;002;000;002;000;000
abderrahman-rebbach;Abde Rebbach;7;3;49;36;13;99;64;5;0;000;000;000;000;000;000;000
abqar;Abdel Abqar;0;29;167;102;65;780;525;67;1;000;000;000;000;000;000;000
abdoulaye-keita;Abdoulaye Keita;0;2;22;15;7;25;13;1;0;000;000;000;000;000;000;000
abdul-mumin;Abdul Mumin;0;37;150;92;58;1054;833;49;0;020;000;020;010;000;010;000
abdon;Abdon Prats;0;1;53;22;31;48;31;2;0;022;000;022;011;000;011;000
abel-bretones;Abel Bretones;0;35;138;113;25;485;339;22;1;029;014;014;029;000;000;000
abel-ruiz;Abel Ruiz;0;4;78;53;25;213;182;7;1;025;000;025;000;019;006;000
aboubacar-bassinga;Aboubacar Bassinga;0;0;2;2;0;4;1;1;1;000;000;000;000;000;000;000
adam-aznou;Adam Aznou;1;3;18;16;2;18;11;0;0;000;000;000;000;000;000;000
adama-boiro;Adama Boiro;0;13;65;49;16;230;191;3;0;000;000;000;000;000;000;000
januzaj;Adnan Januzaj;17;6;48;40;8;136;103;6;5;040;020;020;040;000;000;020
embarba;Adri Embarba;29;28;158;128;30;339;239;16;2;006;000;006;000;006;000;000
adria-altimira;Adria Alti;0;30;125;102;23;330;244;19;1;000;000;000;000;000;000;000
pedrosa-1;Adria Pedrosa;2;32;143;114;29;520;388;16;1;014;014;000;014;000;000;000
adrian-2;Adrian San Miguel del Castillo;0;0;3;1;2;193;102;42;0;000;000;000;000;000;000;000
arnu;Adrian Arnu;0;0;1;1;0;0;0;0;0;000;000;000;000;000;000;000
adrian-nino;Adrian Nino;0;0;1;0;1;0;0;0;0;000;000;000;000;000;000;000
adrian-pica;Adrian Hernandez Hernandez;0;9;52;24;28;194;132;19;0;000;000;000;000;000;000;000
a-rodriguez-1;Adrian Rodriguez;0;0;0;0;0;0;0;0;0;000;000;000;000;000;000;000
malcom-adu-ares;Malcom Abdulai Ares Djalo;0;0;4;4;0;8;5;0;0;000;000;000;000;000;000;000
aihen;Aihen Munoz;0;11;71;44;27;233;174;6;0;000;000;000;000;000;000;000
aimar-1;Aimar Oroz;2;23;230;199;31;685;546;29;7;011;000;011;005;005;000;000
aingeru-olabarrieta;Aingeru Olabarrieta;0;0;0;0;0;0;0;0;0;000;000;000;000;000;000;000
aitor-fdez;Aitor Fernandez;0;0;0;0;0;0;0;0;0;000;000;000;000;000;000;000
aitor-fraga;Aitor Fraga;0;0;0;0;0;0;0;0;0;000;000;000;000;000;000;000
aitor-gismera;Aitor Gismera;0;0;0;0;0;0;0;0;0;000;000;000;000;000;000;000
paredes-2;Aitor Paredes;0;9;81;36;45;677;518;53;0;060;000;060;020;000;040;000
aitor-r;Aitor Ruibal;2;12;70;55;15;225;184;11;0;000;000;000;000;000;000;000
akor-adams;Akor Adams;0;0;2;0;2;3;2;0;0;000;000;000;000;000;000;000
alassane-diatta;Alassane Diatta;0;0;0;0;0;0;0;0;0;000;000;000;000;000;000;000
albert-mboyo-sambi-lokonga;Albert Sambi Lokonga;0;18;100;66;34;712;610;31;4;000;000;000;000;000;000;000
alberto-collado;Alberto Collado;0;0;0;0;0;0;0;0;0;000;000;000;000;000;000;000
alberto-flores;Alberto Flores;0;0;0;0;0;0;0;0;0;000;000;000;000;000;000;000
alberto-mari;Alberto Mari;0;0;1;1;0;4;2;0;0;000;000;000;000;000;000;000
a-moleiro;Alberto Moleiro;1;21;244;222;22;666;547;11;8;010;000;010;005;003;003;000
alberto-risco;Alberto Risco;0;4;26;22;4;29;22;0;0;000;000;000;000;000;000;000
alex-balde;Alejandro Balde;0;12;179;159;20;944;837;17;2;000;000;000;000;000;000;000
catena;Alejandro Catena;0;33;155;86;69;990;712;91;0;000;000;000;000;000;000;000
a-frances;Alejandro Frances;0;22;71;60;11;446;359;22;0;000;000;000;000;000;000;000
alejandro-iturbe;Alejandro Iturbe;0;0;0;0;0;0;0;0;0;000;000;000;000;000;000;000
alejandro-jay;Alejandro Jay;0;0;0;0;0;0;0;0;0;000;000;000;000;000;000;000
alex-padilla;Alejandro Padilla;0;0;2;1;1;105;23;29;0;000;000;000;000;000;000;000
alejo-veliz;Alejo Veliz;0;1;145;57;88;156;98;4;0;007;000;007;000;007;000;000
aleksandar-andreev;Aleksandar Andreev;0;0;0;0;0;0;0;0;0;000;000;000;000;000;000;000
sedlar;Aleksandar Sedlar;0;15;40;29;11;155;111;11;0;000;000;000;000;000;000;000
alex-almansa;Alex Almansa;0;0;0;0;0;0;0;0;0;000;000;000;000;000;000;000
berenguer;Alex Berenguer;64;19;180;127;53;484;366;13;3;016;000;016;010;003;003;000
alex-kral;Alex Kral;0;46;218;168;50;651;460;27;6;000;000;000;000;000;000;000
alex-marchal;Alex Marchal;0;0;0;0;0;0;0;0;0;000;000;000;000;000;000;000
alexander-sorloth;Alexander Sørloth;0;5;164;70;94;224;139;3;1;032;000;032;014;011;007;000
alfonso-1;Alfon Gonzalez;0;3;68;61;7;124;92;0;0;007;000;007;000;007;000;000
a-espino;Alfonso Espino;0;22;73;62;11;138;87;7;0;000;000;000;000;000;000;000
a-pedraza;Alfonso Pedraza;0;0;0;0;0;1;1;0;0;000;000;000;000;000;000;000
ali-fadal;Ali Fadal;0;0;0;0;0;0;0;0;0;000;000;000;000;000;000;000
nyom;Allan Nyom;0;11;61;43;18;192;146;8;0;017;000;017;000;017;000;000
alvaro-abajas;Alvin Abajas;0;0;0;0;0;0;0;0;0;000;000;000;000;000;000;000
amath;Amath Ndiaye;0;1;32;27;5;77;56;5;0;000;000;000;000;000;000;000
ander-astralaga;Ander Astralaga;0;0;0;0;0;0;0;0;0;000;000;000;000;000;000;000
barrenetxea;Ander Barrenetxea;0;17;131;117;14;314;220;24;1;007;000;007;007;000;000;000
guevara;Ander Guevara;0;37;174;124;50;717;521;40;0;000;000;000;000;000;000;000
ander;Ander Herrera;0;8;30;25;5;198;174;6;0;000;000;000;000;000;000;000
gorosabel;Andoni Gorosabel;0;22;75;55;20;354;301;8;0;000;000;000;000;000;000;000
andreas-christensen;Andreas Christensen;0;0;2;1;1;16;14;0;0;000;000;000;000;000;000;000
andrei;Andrei Ratiu;0;48;236;201;35;854;696;23;2;008;008;000;000;008;000;000
lunin;Andrii Lunin;0;0;2;1;1;94;60;15;0;000;000;000;000;000;000;000
andre-almeida-1;Domingos Andre Ribeiro Almeida;19;31;143;126;17;526;449;15;4;000;000;000;000;000;000;000
andre-ferreira;Andre Filipe Magalhaes Ribeiro Ferreira;0;0;0;0;0;0;0;0;0;000;000;000;000;000;000;000
andres-cuenca;Andres Cuenca;0;0;0;0;0;0;0;0;0;000;000;000;000;000;000;000
andy-pelmard;Andy Pelmard;0;5;14;12;2;98;82;5;0;000;000;000;000;000;000;000
ansu-fati;Ansu Fati;0;1;15;10;5;62;53;0;2;000;000;000;000;000;000;000
antal-yaakobishvili;Antal Yaakobishvili;0;0;0;0;0;0;0;0;0;000;000;000;000;000;000;000
budimir;Ante Budimir;0;13;313;109;204;279;156;1;1;028;000;028;019;000;009;000
griezmann;Antoine Griezmann;64;25;141;108;33;928;691;50;8;028;007;021;024;003;000;003
antonio-blanco;Antonio Blanco;0;42;209;166;43;746;546;56;4;000;000;000;000;000;000;000
antonio-candela;Antonio Candela;0;3;14;10;4;90;64;5;1;000;000;000;000;000;000;000
antonio-espigares;Antonio Espigares;0;0;0;0;0;0;0;0;0;000;000;000;000;000;000;000
antonio-gomis;Antonio Gomis;0;0;0;0;0;0;0;0;0;000;000;000;000;000;000;000
a-raillo;Antonio Raillo;0;19;204;67;137;1111;927;57;1;006;000;006;000;000;000;000
antonio-rudiger;Antonio Rudiger;0;14;95;47;48;1491;1277;98;1;000;000;000;000;000;000;000
sivera;Antonio Sivera;0;1;13;7;6;588;132;196;0;000;000;000;000;000;000;000
sanchez;Antonio Sanchez;1;19;73;63;10;311;216;21;1;000;000;000;000;000;000;000
antoniu-roca;Antoniu Roca;0;10;81;67;14;100;71;1;0;000;000;000;000;000;000;000
antony;Antony Matheus dos Santos;2;6;40;32;8;164;127;4;2;025;000;025;025;000;000;000
a-tuhami;Anuar Tuhami;1;20;136;99;37;282;227;4;1;033;000;033;000;033;000;000
arda-guler;Arda Guler;10;16;91;78;13;350;293;18;3;008;000;008;008;000;000;000
aridane-1;Aridane Hernandez;0;2;17;6;11;88;68;8;0;000;000;000;000;000;000;000
arambarri-1;Aritz Arambarri;0;1;15;1;14;67;48;1;0;000;000;000;000;000;000;000
aritz;Aritz Elustondo;0;12;72;47;25;416;333;21;2;000;000;000;000;000;000;000
arkaitz-mariezkurrena;Arkaitz Mariezkurrena;0;0;0;0;0;0;0;0;0;000;000;000;000;000;000;000
arnau-1;Arnau Martinez;1;28;152;112;40;1091;934;29;3;017;000;017;000;000;017;000
arnau-rafus;Arnau Rafus;0;0;0;0;0;0;0;0;0;000;000;000;000;000;000;000
arnau-sola;Arnau Sola;0;0;0;0;0;0;0;0;0;000;000;000;000;000;000;000
arnaut-danjuma;Arnaut Danjuma;17;9;77;74;3;251;195;12;0;017;000;017;006;011;000;000
arsen-zakharyan;Arsen Zakharyan;1;1;3;3;0;32;25;2;2;025;025;000;000;025;000;000
arthur;Arthur Henrique Ramos de Oliveira Melo;0;2;7;7;0;61;51;7;0;000;000;000;000;000;000;000
arthur-vermeeren;Arthur Vermeeren;0;0;0;0;0;0;0;0;0;000;000;000;000;000;000;000
asier-osambela;Asier Osambela;0;0;0;0;0;0;0;0;0;000;000;000;000;000;000;000
villalibre;Asier Villalibre;0;0;40;19;21;56;34;3;0;017;000;017;017;000;000;000
assane-diao;Assane Diao;0;5;45;31;14;60;44;1;0;017;000;017;000;017;000;000
augusto-batalla;Augusto Batalla;0;3;16;12;4;645;282;123;0;000;000;000;000;000;000;000
aurelien-tchouameni;Aurelien Tchouameni;0;29;133;78;55;1381;1242;46;0;000;000;000;000;000;000;000
axel-witsel;Axel Witsel;0;13;60;23;37;490;419;23;0;000;000;000;000;000;000;000
ayoze-perez;Ayoze Perez;0;18;145;122;23;199;155;3;3;035;003;032;003;023;010;000
b-ramirez;Benito Ramirez;2;10;51;39;12;207;170;6;0;000;000;000;000;000;000;000
bertug-yildirim;Bertug Yildirim;0;6;184;70;114;144;76;3;0;007;000;007;000;000;007;000
benat-prados;Benat Prados;0;25;130;101;29;519;419;9;3;011;000;011;000;000;011;000
benat-turrientes;Benat Turrientes;10;12;76;57;19;246;213;8;0;000;000;000;000;000;000;000
bojan-miovski;Bojan Miovski;0;6;59;36;23;78;62;1;0;033;000;033;033;000;000;000
b-iglesias;Borja Iglesias;0;7;135;106;29;311;222;12;5;025;000;025;010;010;005;000
b-mayoral;Borja Mayoral;0;1;62;30;32;96;67;5;0;044;000;044;000;044;000;000
borna-barisic;Borna Barisic;0;0;0;0;0;2;2;0;0;000;000;000;000;000;000;000
brahim;Brahim Diaz;0;18;113;100;13;432;376;5;6;027;000;027;027;000;000;000
brais-mendez;Brais Mendez;23;18;192;155;37;613;489;20;2;015;000;015;010;005;000;000
b-olivan;Brian Olivan;9;13;57;44;13;329;225;23;0;000;000;000;000;000;000;000
bryan;Bryan Gil;14;32;227;222;5;616;542;10;0;013;000;013;009;000;004;000
bryan-zaragoza;Bryan Zaragoza;15;11;155;146;9;268;166;18;3;005;000;005;000;005;000;000
carl-starfelt;Carl Starfelt;0;30;150;58;92;1259;1133;39;1;033;000;033;000;000;033;000
alena;Carles Alena;4;9;82;59;23;199;147;7;2;000;000;000;000;000;000;000
c-perez;Carles Perez;7;29;187;152;35;250;173;6;1;012;000;012;012;000;000;000
carlos-benavidez;Carlos Benavidez;0;7;39;29;10;151;97;14;1;033;033;000;033;000;000;000
c-dominguez;Carlos Dominguez;0;16;62;35;27;623;516;24;0;000;000;000;000;000;000;000
carlos-guirao;Carlos Guirao;0;5;17;14;3;45;35;1;0;000;000;000;000;000;000;000
carlos-lumbreras;Carlos Lumbreras;0;0;0;0;0;0;0;0;0;000;000;000;000;000;000;000
carlos-martin;Carlos Martin;0;26;141;123;18;223;152;2;2;018;000;018;000;009;000;000
carlos-romero;Carlos Romero;11;41;135;114;21;410;284;14;1;020;000;020;020;000;000;000
carlos-vicente;Carlos Vicente;58;24;249;191;58;499;351;15;3;018;006;012;006;012;000;000
catala;Jose Luis Catala Vazquez;0;0;0;0;0;0;0;0;0;000;000;000;000;000;000;000
cenk-ozkacar;Cenk Ozkacar;0;3;17;7;10;98;77;4;0;000;000;000;000;000;000;000
chema-andres;Jose Maria Andres Baixauli;0;0;3;1;2;1;1;0;0;000;000;000;000;000;000;000
chidera-ejuke;Chidera Ejuke;20;8;109;102;7;291;234;10;2;008;000;008;000;008;000;000
chimy-avila;Chimy Avila;0;7;68;53;15;180;127;11;0;013;006;006;006;006;000;000
chiquinho-1;Francisco Jorge Tavares Oliveira;4;1;47;41;6;23;18;0;1;000;000;000;000;000;000;000
christantus-uche;Christantus Uche;0;19;394;225;169;384;257;5;1;010;000;010;000;007;003;000
ivan-cantalejo;Ivan Cantalejo;3;4;28;21;7;45;31;0;0;000;000;000;000;000;000;000
lenglet;Clement Lenglet;0;12;101;44;57;805;647;54;0;025;000;025;025;000;000;000
coba-da-costa;Coba da Costa;1;16;93;71;22;123;77;2;1;013;000;013;000;000;013;000
conor-gallagher;Conor Gallagher;1;29;149;127;22;509;431;8;1;020;010;010;000;020;000;000
copete;Jose Manuel Arias Copete;0;10;57;32;25;366;286;26;1;000;000;000;000;000;000;000
cristhian-mosquera;Cristhian Mosquera;0;32;137;77;60;1253;1094;55;0;025;000;025;025;000;000;000
stuani;Cristhian Stuani;0;4;44;26;18;69;49;0;0;025;000;025;000;025;000;000
cucho;Cucho Hernandez;0;1;35;15;20;46;28;4;0;000;000;000;000;000;000;000
cyle-larin;Cyle Larin;0;7;205;105;100;210;140;3;0;024;000;024;010;014;000;000
bakambu;Cedric Bakambu;0;3;68;37;31;79;51;0;1;006;000;006;000;000;006;000
cesar-azpilicueta;Cesar Azpilicueta;0;14;49;31;18;399;341;13;1;000;000;000;000;000;000;000
cesar-gonzalez;Cesar Fernandez;0;0;0;0;0;0;0;0;0;000;000;000;000;000;000;000
cesar-tarrega;Cesar Tarrega;0;29;181;89;92;998;761;57;0;022;000;022;000;011;011;000
c-de-la-hoz;Cesar de la Hoz;0;0;0;0;0;0;0;0;0;000;000;000;000;000;000;000
daley-blind;Daley Blind;1;30;109;83;26;1518;1284;89;2;000;000;000;000;000;000;000
daley-sinkgraven;Daley Sinkgraven;0;5;14;13;1;57;44;1;0;000;000;000;000;000;000;000
damian-rodriguez;Damian Rodriguez;22;10;44;41;3;517;449;19;0;000;000;000;000;000;000;000
carvajal;Dani Carvajal;0;12;47;35;12;402;342;12;0;050;000;050;000;050;000;000
d-ceballos;Dani Ceballos;6;34;95;92;3;928;851;33;3;000;000;000;000;000;000;000
cardenas;Dani Cardenas;0;0;1;0;1;124;36;23;0;000;000;000;000;000;000;000
dani-gomez-1;Dani Gomez;0;3;63;32;31;81;60;0;0;015;008;008;000;015;000;000
dani-olmo;Dani Olmo;1;14;105;95;10;361;268;17;8;029;005;024;010;019;000;000
parejo;Dani Parejo;11;35;126;102;24;1058;872;72;1;043;000;043;014;029;000;000
dani-raba;Dani Raba;26;21;176;165;11;309;214;12;7;025;000;025;025;000;000;000
daniel-requena;Dani Requena;0;0;0;0;0;0;0;0;0;000;000;000;000;000;000;000
dani-rodriguez;Dani Rodriguez;42;30;179;139;40;403;290;17;6;025;000;025;006;013;006;000
vivian;Dani Vivian;0;32;148;95;53;1220;978;79;1;025;000;025;000;025;000;000
daniel-luna;Daniel Luna;1;0;3;3;0;9;7;0;0;000;000;000;000;000;000;000
daniel-yanez;Daniel Yanez;0;0;1;1;0;0;0;0;0;000;000;000;000;000;000;000
daouda-doumbia;Daouda Doumbia;0;0;0;0;0;0;0;0;0;000;000;000;000;000;000;000
darko;Darko Brasanac;0;23;124;73;51;377;282;9;1;014;000;014;000;014;000;000
d-machis;Darwin Machis;15;4;26;22;4;124;81;5;0;000;000;000;000;000;000;000
dario-benavides;Dario Benavides;0;0;0;0;0;0;0;0;0;000;000;000;000;000;000;000
david-alaba;David Alaba;0;0;0;0;0;82;73;3;0;000;000;000;000;000;000;000
david-2;David Arguelles;0;0;0;0;0;5;3;0;0;000;000;000;000;000;000;000
david-jimenez-1;David Jimenez;0;0;0;0;0;0;0;0;0;000;000;000;000;000;000;000
david-lopez;David Lopez;0;24;117;65;52;1607;1403;70;0;013;000;013;013;000;000;000
david-lopez-4;David Lopez;0;0;0;0;0;0;0;0;0;000;000;000;000;000;000;000
david-otorbi;David Otorbi;0;0;0;0;0;4;2;0;0;000;000;000;000;000;000;000
david-soria;David Soria;0;4;11;5;6;615;97;205;0;000;000;000;000;000;000;000
david-torres-1;David Torres;0;13;73;36;37;638;502;30;0;000;000;000;000;000;000;000
dawda-camara;Dawda Camara;0;0;0;0;0;0;0;0;0;000;000;000;000;000;000;000
denis-suarez;Denis Suarez;7;5;33;27;6;125;95;5;0;017;000;017;000;017;000;000
diego-aguado;Diego Aguado;0;0;0;0;0;0;0;0;0;000;000;000;000;000;000;000
diego-conde;Diego Conde;0;2;6;4;2;469;275;79;0;000;000;000;000;000;000;000
diego-ferrer;Diego Ferrer;0;0;0;0;0;0;0;0;0;000;000;000;000;000;000;000
diego-garcia-2;Diego Garcia;0;0;102;37;65;98;62;4;0;010;000;010;000;010;000;000
diego-hormigo;Diego Hormigo;0;0;0;0;0;0;0;0;0;000;000;000;000;000;000;000
diego-kochen;Diego Kochen;0;0;0;0;0;0;0;0;0;000;000;000;000;000;000;000
llorente-r;Diego Llorente;0;30;193;81;112;1342;1078;77;0;020;000;020;000;000;020;000
diego-lopez-noguerol;Diego Lopez;0;20;199;143;56;522;372;16;3;016;000;016;000;011;005;000
diego-mendez;Diego Mendez;0;0;0;0;0;0;0;0;0;000;000;000;000;000;000;000
rico;Diego Rico;11;61;209;171;38;692;432;35;0;000;000;000;000;000;000;000
foulquier;Dimitri Foulquier;0;32;130;111;19;623;475;21;0;000;000;000;000;000;000;000
dimitrios-stamatakis;Dimitrios Stamatakis;0;0;0;0;0;0;0;0;0;000;000;000;000;000;000;000
dinko-horkas;Dinko Horkas;0;0;1;1;0;87;61;13;0;000;000;000;000;000;000;000
djene;Djene Dakonam;0;11;162;96;66;606;426;41;0;000;000;000;000;000;000;000
djibril-sow;Djibril Sow;2;8;111;76;35;602;516;14;0;014;000;014;000;014;000;000
djordjije-medenica;Djordjije Medenica;0;0;0;0;0;0;0;0;0;000;000;000;000;000;000;000
dodi-lukebakio;Dodi Lukebakio;45;15;264;243;21;600;477;17;5;020;002;018;016;004;000;000
domingos-d;Domingos de Sousa Coutinho Meneses Duarte;0;11;55;29;26;323;224;30;0;000;000;000;000;000;000;000
dominik-greif;Dominik Greif;0;0;10;0;10;575;245;145;0;000;000;000;000;000;000;000
donny-van-de-beek;Donny van de Beek;0;27;108;91;17;383;317;9;2;029;014;014;014;014;000;000
duk;Luis Henriques de Barros Lopes;0;4;16;16;0;16;10;0;0;000;000;000;000;000;000;000
dario-essugo;Dario Cassia Luis Essugo;0;37;155;119;36;619;506;30;4;011;011;000;000;011;000;000
edu-exposito;Edu Exposito;6;5;33;27;6;54;31;3;1;000;000;000;000;000;000;000
eduardo-camavinga;Eduardo Camavinga;0;25;95;76;19;463;397;16;2;000;000;000;000;000;000;000
egoitz-arana;Egoitz Arana;0;0;0;0;0;0;0;0;0;000;000;000;000;000;000;000
egoitz-munoz;Egoitz Munoz;0;0;0;0;0;0;0;0;0;000;000;000;000;000;000;000
elias-romero;Elias Romero;0;0;0;0;0;0;0;0;0;000;000;000;000;000;000;000
endika-bujan;Endika Bujan;0;0;3;3;0;4;4;0;0;000;000;000;000;000;000;000
endrick;Endrick Felipe Moreira de Sousa;0;0;24;18;6;34;27;1;0;013;000;013;000;013;000;000
eneko-ortiz;Eneko Ortiz;0;0;0;0;0;0;0;0;0;000;000;000;000;000;000;000
franquesa;Enric Franquesa;0;17;63;53;10;163;112;7;0;033;000;033;033;000;000;000
enric-garcia;Enric Garcia;0;0;0;0;0;0;0;0;0;000;000;000;000;000;000;000
enzo-barrenechea;Enzo Barrenechea;0;33;131;96;35;709;568;40;1;014;000;014;014;000;000;000
boyomo;Enzo Boyomo;0;50;163;109;54;1065;880;48;2;029;000;029;000;029;000;000
loiodice;Enzo Loiodice;5;11;60;49;11;308;254;9;0;000;000;000;000;000;000;000
eray-ervin-cumart;Eray Comert;0;15;77;45;32;518;402;41;0;000;000;000;000;000;000;000
eric-bailly;Eric Bailly;0;11;41;23;18;297;247;13;0;000;000;000;000;000;000;000
eric-garcia;Eric Garcia;0;19;80;42;38;654;586;19;1;014;000;014;000;000;014;000
etienne-etoo-pineda;Etienne Etoo Pineda;0;0;2;1;1;2;1;0;0;000;000;000;000;000;000;000
etta-eyong;Karl Edouard Blaise Etta Eyong;0;0;0;0;0;0;0;0;0;000;000;000;000;000;000;000
fabio;Fabio Gonzalez;0;0;3;2;1;52;40;3;0;000;000;000;000;000;000;000
facundo-garces;Facundo Garces;0;0;0;0;0;0;0;0;0;000;000;000;000;000;000;000
valverde-1;Federico Valverde;3;32;111;79;32;1505;1264;98;2;020;020;000;000;020;000;004
f-mendy;Ferland Mendy;0;16;45;39;6;568;518;17;0;000;000;000;000;000;000;000
fermin-lopez;Fermin Lopez;6;9;94;73;21;280;229;10;2;023;000;023;000;015;008;000
calero;Fernando Calero;0;7;29;15;14;160;117;17;0;050;000;050;000;000;050;000
fernando-lopez;Fernando Lopez;0;4;32;31;1;71;60;2;3;000;000;000;000;000;000;000
pacheco-2;Fernando Pacheco;0;0;0;0;0;0;0;0;0;000;000;000;000;000;000;000
ferran;Ferran Torres;6;5;43;36;7;194;145;3;1;026;000;026;005;021;000;000
ferran-ruiz;Ferran Ruiz Marti;0;0;1;0;1;6;3;0;0;000;000;000;000;000;000;000
florian-grillitsch;Florian Grillitsch;0;0;11;11;0;34;23;4;2;000;000;000;000;000;000;000
lejeune;Florian Lejeune;0;28;187;93;94;1312;970;115;0;000;000;000;000;000;000;000
fran-beltran;Fran Beltran;0;29;133;99;34;930;780;48;3;022;022;000;000;022;000;000
fran-garcia-1;Fran Garcia;0;20;83;68;15;719;629;19;0;000;000;000;000;000;000;000
francisco-gonzalez;Francisco Javier Gonzalez Perez;0;0;0;0;0;0;0;0;0;000;000;000;000;000;000;000
francisco-martinez-1;Fran Perez;1;4;35;31;4;110;90;5;1;000;000;000;000;000;000;000
f-vieites;Francisco Barbosa Vieites;0;0;3;1;2;103;42;18;0;000;000;000;000;000;000;000
franco-cervi;Franco Cervi;2;8;27;19;8;107;68;3;2;000;000;000;000;000;000;000
f-de-jong;Frenkie de Jong;0;6;48;39;9;477;439;11;3;067;000;067;033;033;000;000
fabio-silva;Fabio Daniel Soares Silva;0;7;188;119;69;298;189;7;2;020;000;020;003;014;003;000
gabriel-misehouy;Gabriel Misehouy;3;1;28;25;3;87;80;0;0;025;000;025;000;025;000;000
garcia-pascual;Alvaro Miguel Garcia Pascual;0;1;10;5;5;13;9;1;0;000;000;000;000;000;000;000
gavi;Pablo Paez Gavira;0;11;72;54;18;226;186;6;1;000;000;000;000;000;000;000
gumbau;Gerard Gumbau;17;14;69;44;25;209;148;10;0;000;000;000;000;000;000;000
gerard-2;Gerard Martin;0;13;37;28;9;258;208;5;1;000;000;000;000;000;000;000
gerard;Gerard Moreno;0;7;74;55;19;230;168;15;1;014;000;014;014;000;000;000
german-garcia;German Garcia;0;0;0;0;0;0;0;0;0;000;000;000;000;000;000;000
german-valera;German Valera;0;1;18;15;3;40;33;0;0;000;000;000;000;000;000;000
geronimo-spina;Geronimo Spina;0;0;0;0;0;0;0;0;0;000;000;000;000;000;000;000
giorgi-mamardashvili;Giorgi Mamardashvili;0;0;6;2;4;576;253;109;0;000;000;000;000;000;000;000
lo-celso;Giovani Lo Celso;52;29;159;145;14;593;459;34;8;028;012;016;028;000;000;004
giuliano-simeone;Giuliano Simeone;1;12;113;91;22;429;340;1;1;010;000;010;000;010;000;000
gonzalo-garcia-1;Gonzalo Garcia;0;0;0;0;0;0;0;0;0;000;000;000;000;000;000;000
gonzalo-montiel;Gonzalo Montiel;1;4;10;9;1;64;55;4;0;000;000;000;000;000;000;000
guruzeta;Gorka Guruzeta;0;10;169;97;72;266;196;7;0;019;000;019;000;013;006;000
gorka-rivera;Gorka Rivera;0;2;6;5;1;6;2;0;0;000;000;000;000;000;000;000
gregoire-swiderski;Gregoire Swiderski;0;0;0;0;0;0;0;0;0;000;000;000;000;000;000;000
guilherme-fernandes;Guilherme Sousa Carvalho Fernandes;0;0;0;0;0;0;0;0;0;000;000;000;000;000;000;000
guille-fernandez;Guille Fernandez;0;0;0;0;0;0;0;0;0;000;000;000;000;000;000;000
guillem-trilla;Guillem Trilla;0;0;0;0;0;0;0;0;0;000;000;000;000;000;000;000
guillermo-ruiz;Guillermo Ruiz;0;0;0;0;0;0;0;0;0;000;000;000;000;000;000;000
hamari-traore;Hamari Traore;0;11;35;24;11;154;118;9;0;000;000;000;000;000;000;000
horatiu-moldovan;Horatiu Moldovan;0;0;0;0;0;0;0;0;0;000;000;000;000;000;000;000
hugo-duro;Hugo Duro;0;12;259;128;131;329;233;4;0;025;000;025;018;004;004;000
hugo-g;Hugo Guillamon;0;11;36;27;9;186;144;9;0;000;000;000;000;000;000;000
hugo-novoa;Hugo Novoa;0;8;30;21;9;52;38;3;0;000;000;000;000;000;000;000
hugo-sotelo;Hugo Sotelo;31;22;90;81;9;788;646;50;2;000;000;000;000;000;000;000
hugo-alvarez-1;Hugo Alvarez;10;23;152;141;11;739;569;15;0;029;000;029;007;021;000;000
hector-bellerin;Hector Bellerin;0;12;47;33;14;253;197;12;2;000;000;000;000;000;000;000
hector-fort;Hector Fort;0;8;30;22;8;243;216;5;0;000;000;000;000;000;000;000
iago-aspas;Iago Aspas;2;11;106;93;13;600;416;36;14;024;003;021;024;000;000;000
zubeldia;Igor Zubeldia;0;27;195;74;121;1083;884;51;2;000;000;000;000;000;000;000
iker-almena;Iker Almena;0;0;5;5;0;26;21;0;0;000;000;000;000;000;000;000
iker-bachiller;Iker Bachiller;0;0;0;0;0;0;0;0;0;000;000;000;000;000;000;000
iker-benito;Iker Benito;0;0;5;4;1;11;9;0;0;000;000;000;000;000;000;000
iker-cordoba;Iker Cordoba;0;0;1;0;1;10;8;0;0;000;000;000;000;000;000;000
losada;Iker Losada;0;13;50;41;9;193;150;2;2;000;000;000;000;000;000;000
iker-munoz;Iker Munoz;0;4;41;23;18;180;131;8;1;000;000;000;000;000;000;000
iker-alvarez;Iker Alvarez;0;0;0;0;0;0;0;0;0;000;000;000;000;000;000;000
ilaix;Moriba Kourouma Kourouma;0;37;177;140;37;645;541;29;3;000;000;000;000;000;000;000
ilias-akhomach;Ilias Akhomach;3;12;105;92;13;164;124;7;1;007;000;007;007;000;000;000
ilias-kostis;Ilias Kostis;0;0;0;0;0;0;0;0;0;000;000;000;000;000;000;000
irvin-cardona;Irvin Cardona;0;8;68;48;20;142;90;3;1;011;011;000;000;011;000;000
isaac-romero;Isaac Romero;0;7;214;152;62;311;219;10;1;010;003;006;006;000;003;000
isco;Francisco Roman Alarcon Suarez;24;10;116;94;22;411;325;24;2;057;000;057;000;057;000;000
isi-2;Isi Palazon;59;20;218;182;36;598;471;23;8;012;004;008;012;000;000;000
ismael-bekhoucha;Ismael Bekhoucha;0;0;0;0;0;2;0;0;0;000;000;000;000;000;000;000
israel-dominguez;Israel Dominguez;0;0;2;1;1;1;1;0;0;000;000;000;000;000;000;000
israel-mora;Israel Mora;0;0;0;0;0;0;0;0;0;000;000;000;000;000;000;000
balliu;Ivan Balliu;0;10;64;36;28;262;186;11;0;000;000;000;000;000;000;000
cuellar;Ivan Cuellar;0;0;0;0;0;0;0;0;0;000;000;000;000;000;000;000
ivan-gil;Ivan Gil;0;0;0;0;0;0;0;0;0;000;000;000;000;000;000;000
ivan-jaime;Ivan Jaime;3;3;23;19;4;59;50;2;0;000;000;000;000;000;000;000
ivan-martin;Ivan Martin;0;24;127;113;14;1051;932;26;1;100;000;100;000;100;000;000
i-sanchez;Ivan Sanchez Aguayo;10;21;117;98;19;251;180;22;2;020;020;000;020;000;000;000
ivan-villar;Ivan Villar;0;0;2;0;2;102;75;5;0;000;000;000;000;000;000;000
inaki-pena;Ignacio Pena Sotorres;0;0;3;2;1;514;406;41;0;000;000;000;000;000;000;000
inaki-ruperez;Inaki Ruperez;0;0;0;0;0;0;0;0;0;000;000;000;000;000;000;000
williams;Inaki Williams;0;15;210;167;43;522;351;6;5;013;000;013;005;008;000;000
inigo-arguibide;Inigo Arguibide;0;0;0;0;0;0;0;0;0;000;000;000;000;000;000;000
i-martinez;Inigo Martinez;0;17;121;52;69;1774;1517;100;1;000;000;000;000;000;000;000
jackson-porozo;Jackson Porozo;0;0;0;0;0;0;0;0;0;000;000;000;000;000;000;000
jacobo-ramon;Jacobo Ramon;0;0;0;0;0;0;0;0;0;000;000;000;000;000;000;000
jailson;Jailson Marques Siqueira;0;7;40;23;17;354;310;8;0;000;000;000;000;000;000;000
mata;Jaime Mata;0;5;75;37;38;116;80;4;0;000;000;000;000;000;000;000
james-1;James Rodriguez;6;3;20;15;5;83;65;9;1;000;000;000;000;000;000;000
oblak;Jan Oblak;0;0;5;2;3;517;280;101;0;000;000;000;000;000;000;000
jan-salas;Jan Salas;0;1;4;3;1;15;12;0;0;000;000;000;000;000;000;000
cillessen;Jasper Cillessen;0;1;10;5;5;748;364;119;0;000;000;000;000;000;000;000
jastin-garcia;Antonino Jastin Garcia Lopez;0;0;0;0;0;0;0;0;0;000;000;000;000;000;000;000
domenech;Jaume Domenech;0;0;0;0;0;0;0;0;0;000;000;000;000;000;000;000
javi-galan;Javi Galan;0;32;166;135;31;466;388;11;1;000;000;000;000;000;000;000
javier-guerra;Javi Guerra;12;37;205;181;24;709;534;31;3;007;000;007;000;007;000;000
javi-hdez;Javi Hernandez;0;20;132;105;27;418;295;17;1;000;000;000;000;000;000;000
javi-llabres;Javi Llabres;0;0;4;3;1;20;18;1;0;000;000;000;000;000;000;000
javi-lopez-4;Javi Lopez;0;24;124;103;21;502;402;24;0;000;000;000;000;000;000;000
javi-martinez-2;Javi Martinez;0;0;0;0;0;9;9;0;0;000;000;000;000;000;000;000
javi-munoz;Javi Munoz;1;36;161;132;29;787;589;41;2;000;000;000;000;000;000;000
puado;Javi Puado;1;15;136;107;29;409;304;10;4;022;003;019;006;011;006;000
javier-rodriguez-1;Javi Rodriguez;0;39;141;90;51;1073;880;45;2;029;000;029;000;029;000;000
javier-serrano;Javi Serrano;0;0;0;0;0;0;0;0;0;000;000;000;000;000;000;000
javi-sanchez-1;Javi Sanchez de Felipe;0;20;101;44;57;775;620;47;0;020;020;000;000;020;000;020
manquillo;Javier Manquillo;0;7;39;25;14;364;327;2;1;000;000;000;000;000;000;000
javier-marton;Javier Marton;0;0;4;1;3;7;6;0;0;000;000;000;000;000;000;000
areso;Jesus Areso;0;33;152;128;24;659;495;29;0;000;000;000;000;000;000;000
j-navas;Jesus Navas;1;5;32;21;11;209;166;8;0;033;000;033;000;033;000;000
jesus-owono;Jesus Owono;0;1;4;3;1;129;28;44;1;000;000;000;000;000;000;000
jesus-rodriguez;Jesus Rodriguez;3;11;114;106;8;143;106;2;0;011;011;000;000;011;000;000
vallejo;Jesus Vallejo;0;0;1;0;1;14;12;0;0;000;000;000;000;000;000;000
j-vazquez-1;Jesus Vazquez;0;16;90;72;18;239;175;6;0;000;000;000;000;000;000;000
jhon-solis;Jhon Solis;0;8;52;46;6;240;215;4;1;100;000;100;000;100;000;000
jiri-letacek;Jiri Letacek;0;0;0;0;0;0;0;0;0;000;000;000;000;000;000;000
j-garcia;Joan Garcia;0;0;16;3;13;660;286;147;0;000;000;000;000;000;000;000
jordan;Joan Jordan;28;20;75;58;17;435;301;34;0;040;010;030;000;040;000;000
joaquin-panichelli;Joaquin Panichelli;0;0;0;0;0;0;0;0;0;000;000;000;000;000;000;000
casals;Joel Roca;0;0;0;0;0;0;0;0;0;000;000;000;000;000;000;000
j-carreras;Jofre Carreras;1;16;185;173;12;307;217;8;1;010;010;000;000;010;000;000
j-mojica;Johan Mojica;1;24;148;132;16;760;540;57;1;013;000;013;013;000;000;000
j-patrick;John Patrick;0;0;13;9;4;20;16;0;0;000;000;000;000;000;000;000
joao-cardoso;Johnny Cardoso;0;31;163;134;29;681;555;22;2;000;000;000;000;000;000;000
jon-aramburu;Jon Aramburu;0;76;248;189;59;836;655;18;0;000;000;000;000;000;000;000
jon-balda;Jon Balda;0;0;0;0;0;0;0;0;0;000;000;000;000;000;000;000
guridi;Jon Guridi;5;25;158;100;58;502;378;18;1;014;000;014;007;007;000;000
jon-magunacelaya;Jon Magunazelaia;0;1;6;3;3;13;7;0;1;000;000;000;000;000;000;000
jon-martin;Jon Martin;0;1;24;8;16;93;70;3;0;000;000;000;000;000;000;000
moncayola;Jon Moncayola;39;44;135;112;23;665;490;36;1;000;000;000;000;000;000;000
jon-ander-olasagasti;Jon Olasagasti;4;12;59;37;22;224;162;9;0;025;000;025;025;000;000;000
pacheco-3;Jon Pacheco;0;10;60;30;30;378;295;23;0;000;000;000;000;000;000;000
jonathan-bamba;Jonathan Bamba;1;12;104;88;16;325;263;6;3;000;000;000;000;000;000;000
jones-el-abdellaoui;Jones El Abdellaoui;0;0;0;0;0;0;0;0;0;000;000;000;000;000;000;000
joni-montiel;Joni Montiel;0;0;0;0;0;0;0;0;0;000;000;000;000;000;000;000
jorge-benito;Jorge Benito;0;0;0;0;0;0;0;0;0;000;000;000;000;000;000;000
herrando;Jorge Herrando;0;8;45;21;24;409;331;10;0;000;000;000;000;000;000;000
jorge-saenz;Jorge Saenz;0;20;89;48;41;478;365;36;0;050;000;050;000;050;000;000
de-frutos-1;Jorge de Frutos;0;25;210;185;25;431;311;6;2;013;000;013;000;013;000;000
aidoo-jr;Joseph Aidoo;0;4;9;7;2;170;137;7;0;000;000;000;000;000;000;000
jose-arnaiz;Jose Arnaiz;3;3;15;13;2;30;22;2;0;000;000;000;000;000;000;000
j-g-campana;Jose Campana;14;13;68;52;16;531;445;29;2;000;000;000;000;000;000;000
gaya;Jose Gaya;0;31;90;78;12;385;279;28;1;000;000;000;000;000;000;000
gragera;Jose Gragera;0;25;79;63;16;216;184;6;0;000;000;000;000;000;000;000
j-m-gimenez;Jose Gimenez;0;19;98;49;49;915;760;75;1;000;000;000;000;000;000;000
jose-angel-carmona;Jose Angel Carmona;0;54;202;164;38;1023;827;29;1;000;000;000;000;000;000;000
jose-angel-lopez;Jose Angel Lopez;0;0;0;0;0;0;0;0;0;000;000;000;000;000;000;000
joao-urbaez;Joao Urbaez;0;0;0;0;0;0;0;0;0;000;000;000;000;000;000;000
juan-bernat;Juan Bernat;2;14;51;36;15;121;96;0;0;000;000;000;000;000;000;000
j-berrocal;Juan Berrocal;0;11;63;26;37;272;186;20;0;000;000;000;000;000;000;000
juan-carlos-1;Juan Carlos Martin Corral;0;0;0;0;0;0;0;0;0;000;000;000;000;000;000;000
juan-cruz;Juan Cruz;14;20;142;125;17;383;265;16;5;019;010;010;019;000;000;000
juan-cruz-1;Juan Cruz Alvaro Armada;0;14;48;39;9;318;242;11;0;000;000;000;000;000;000;000
foyth;Juan Foyth;0;10;50;22;28;310;254;17;0;000;000;000;000;000;000;000
juan-herzog;Juan Herzog;0;7;39;12;27;304;241;19;0;000;000;000;000;000;000;000
iglesias;Juan Iglesias;0;59;240;186;54;545;282;42;0;000;000;000;000;000;000;000
juan-musso;Juan Musso;0;0;1;0;1;23;17;1;0;000;000;000;000;000;000;000
juan-soriano;Juan Soriano;0;1;4;4;0;165;42;36;0;000;000;000;000;000;000;000
juanlu-1;Juanlu Sanchez;0;22;82;59;23;309;263;2;0;040;000;040;010;030;000;000
juanmi;Juan Miguel Jimenez Lopez;0;14;68;54;14;133;97;2;0;000;000;000;000;000;000;000
juan-latasa;Juanmi Latasa;0;1;135;52;83;120;68;2;0;000;000;000;000;000;000;000
juanpe-rl;Juan Pedro Ramirez Lopez;0;8;42;16;26;481;388;34;0;000;000;000;000;000;000;000
juanpe-1;Juan Pedro Gil Bueno;0;0;0;0;0;0;0;0;0;000;000;000;000;000;000;000
jude-bellingham;Jude Bellingham;1;35;203;170;33;1040;871;44;12;023;000;023;003;013;006;000
julen-agirrezabala;Julen Agirrezabala;0;0;10;5;5;356;162;69;0;000;000;000;000;000;000;000
julen-lartitegi;Julen Lartitegi;0;0;0;0;0;0;0;0;0;000;000;000;000;000;000;000
kounde;Jules Kounde;0;49;187;145;42;1280;1086;41;5;017;000;017;008;008;000;000
julian-alvarez;Julian Alvarez;16;17;157;121;36;588;434;20;5;023;000;023;008;013;003;000
julian-chicco;Julian Chicco;0;8;28;20;8;86;66;3;0;000;000;000;000;000;000;000
juma-bah;Abdulai Juma Bah;0;10;77;33;44;405;307;23;0;000;000;000;000;000;000;000
justin-smith;Justin Smith;0;9;25;21;4;59;40;0;0;000;000;000;000;000;000;000
karl-hein;Karl Hein;0;0;10;3;7;848;441;158;0;000;000;000;000;000;000;000
kelechi-iheanacho;Kelechi Iheanacho;0;1;27;17;10;79;58;1;0;000;000;000;000;000;000;000
kenedy;Robert Kenedy Nunes do Nascimento;0;0;2;2;0;2;1;0;0;000;000;000;000;000;000;000
kike-barja;Kike Barja;4;3;32;25;7;51;40;0;0;000;000;000;000;000;000;000
kike-g;Kike Garcia;0;9;255;116;139;360;232;13;4;034;000;034;014;010;010;000
kike-1;Kike Perez;18;37;161;133;28;521;394;34;2;014;000;014;007;007;000;000
kike-salas;Kike Salas;0;21;105;51;54;749;571;27;0;000;000;000;000;000;000;000
kiko-femenia;Kiko Femenia;0;37;124;110;14;974;841;37;1;000;000;000;000;000;000;000
kim-min-su;Min-Su Kim;0;1;6;5;1;10;9;0;0;000;000;000;000;000;000;000
kirian;Kirian Rodriguez;6;33;139;109;30;1177;978;44;8;000;000;000;000;000;000;000
koke-5;Jorge Iglesias Gonzalez;0;0;0;0;0;0;0;0;0;000;000;000;000;000;000;000
koke;Jorge Resurreccion Merodio;4;37;120;103;17;1086;911;45;2;017;000;017;000;017;000;000
kylian-mbappe-lottin;Kylian Mbappe;4;8;209;204;5;748;609;34;4;022;004;018;001;020;000;000
ladislav-krejci-ii;Ladislav Krejci;0;15;91;52;39;1273;1112;45;0;025;013;013;025;000;000;000
gonzalo-aguilar;Lalo Aguilar;0;0;0;0;0;0;0;0;0;000;000;000;000;000;000;000
lamine-yamal;Lamine Yamal Nasraoui Ebana;5;27;293;292;1;737;550;18;16;009;004;006;008;002;000;000
leandro-antonetti;Leandro Antonetti;0;0;0;0;0;1;1;0;0;000;000;000;000;000;000;000
cabrera;Leandro Cabrera;0;30;145;61;84;886;580;75;1;029;000;029;014;000;014;000
leo-1;Leo Roman;0;0;1;1;0;158;45;47;0;000;000;000;000;000;000;000
llorenc-serred;Llorenc Serred;0;0;0;0;0;0;0;0;0;000;000;000;000;000;000;000
logan-costa;Logan Evans Costa;0;25;86;39;47;916;736;62;1;022;000;022;000;000;022;000
lorenzo-aguado-herrera;Lorenzo Aguado Herrera;0;0;1;1;0;0;0;0;0;000;000;000;000;000;000;000
loic-bade;Loic Bade;0;36;139;79;60;1161;925;77;1;010;010;000;000;010;000;000
luca-lohr;Luca Lohr;0;0;0;0;0;0;0;0;0;000;000;000;000;000;000;000
luca-de-la-torre;Luca de la Torre;0;0;3;2;1;5;4;0;0;000;000;000;000;000;000;000
lucas-alcazar-moreno;Lucas Alcazar;0;0;0;0;0;0;0;0;0;000;000;000;000;000;000;000
lucas-garcia;Lucas Garcia Madrigal;0;0;0;0;0;0;0;0;0;000;000;000;000;000;000;000
l-ocampos;Lucas Ocampos;1;3;25;18;7;82;56;4;0;000;000;000;000;000;000;000
lucas-rosa;Lucas Oliveira Rosa;0;53;188;160;28;642;492;22;4;000;000;000;000;000;000;000
torro;Lucas Torro;0;47;327;174;153;926;657;46;0;027;000;027;000;018;009;000
lucas-v;Lucas Vazquez;14;35;127;114;13;895;785;25;1;014;000;014;014;000;000;000
lucien-agoume;Lucien Agoume;0;32;130;84;46;661;523;22;2;000;000;000;000;000;000;000
l-milla;Luis Milla;69;40;201;148;53;822;617;54;4;006;000;006;000;006;000;000
l-perez;Luis Perez;0;34;137;94;43;717;526;51;2;000;000;000;000;000;000;000
l-rioja;Luis Rioja;38;24;198;169;29;636;469;23;3;031;006;025;031;000;000;000
luiz-junior-1;Luiz Lucio Reis Junior;0;0;3;1;2;140;68;29;0;000;000;000;000;000;000;000
modric;Luka Modric;52;14;82;69;13;1050;888;68;8;020;010;010;010;010;000;000
luka;Luka Romero;4;4;25;19;6;39;31;0;0;000;000;000;000;000;000;000
luka-sucic;Luka Sucic;0;21;149;112;37;670;543;24;4;005;005;000;005;000;000;000
luken-beitia;Luken Beitia;0;1;2;1;1;5;4;1;0;000;000;000;000;000;000;000
m-sylla;Mamadou Sylla;0;3;121;46;75;162;104;4;0;021;000;021;000;021;000;000
manu-bueno;Manu Bueno;0;4;13;12;1;46;41;1;0;025;025;000;025;000;000;000
manu-fuster;Manu Fuster;14;13;86;74;12;333;270;14;2;022;011;011;000;022;000;000
manu-gonzalez;Manuel Gonzalez Pallares;0;0;0;0;0;0;0;0;0;000;000;000;000;000;000;000
morlanes;Manu Morlanes;1;32;97;75;22;512;437;20;2;000;000;000;000;000;000;000
m-sanchez;Manu Sanchez;4;46;167;139;28;484;328;17;0;000;000;000;000;000;000;000
marash-kumbulla;Marash Kumbulla;0;35;179;100;79;852;662;54;0;033;000;033;000;017;017;000
bartra;Marc Bartra;0;15;108;49;59;683;475;63;2;020;000;020;000;000;020;000
marc-bernal;Marc Bernal;0;8;28;21;7;160;139;9;0;000;000;000;000;000;000;000
marc;Marc Cardona;1;1;14;10;4;32;27;1;0;000;000;000;000;000;000;000
marc-casado;Marc Casado;0;38;150;122;28;1223;1066;32;4;000;000;000;000;000;000;000
marc-domenech;Marc Domenech;0;0;17;7;10;20;14;0;0;000;000;000;000;000;000;000
marc-roca;Marc Roca;1;20;78;60;18;526;435;26;0;025;013;013;025;000;000;000
marc-vidal;Marc Vidal;0;0;0;0;0;0;0;0;0;000;000;000;000;000;000;000
ter-stegen;Marc-Andre ter Stegen;0;0;4;2;2;172;134;21;0;000;000;000;000;000;000;000
marco-de-las-sias;Marco de Las Sias;0;0;0;0;0;0;0;0;0;000;000;000;000;000;000;000
marcos-alonso;Marcos Alonso;11;21;154;78;76;1322;1117;64;1;000;000;000;000;000;000;000
marcos-andre;Marcos Andre de Sousa Mendonca;0;6;178;95;83;179;105;11;2;008;000;008;000;008;000;000
m-llorente;Marcos Llorente;0;37;119;97;22;728;616;18;0;025;013;013;000;025;000;000
marcao;Marcos do Nascimento Teixeira;0;9;49;30;19;260;224;6;0;000;000;000;000;000;000;000
mario-maroto;Mario Maroto;0;0;4;2;2;15;11;0;0;000;000;000;000;000;000;000
mario-martin;Mario Martin;1;42;220;175;45;579;476;28;2;000;000;000;000;000;000;000
dmitrovic;Marko Dmitrovic;0;1;15;7;8;590;102;130;0;000;000;000;000;000;000;000
maroan-sannadi;Maroan Sannadi;0;0;26;22;4;32;23;1;1;020;000;020;000;020;000;000
martin-cuellar;Martin Cuellar;0;0;0;0;0;0;0;0;0;000;000;000;000;000;000;000
valjent;Martin Valjent;0;15;91;39;52;798;631;56;0;000;000;000;000;000;000;000
martin-conde;Martin Conde;0;0;0;0;0;0;0;0;0;000;000;000;000;000;000;000
martin-tejon;Martin Tejon;0;2;15;12;3;25;20;0;0;000;000;000;000;000;000;000
zubimendi;Martin Zubimendi;1;55;217;154;63;1255;992;63;1;009;000;009;009;000;000;000
marvin-1;Marvin Park;0;12;64;51;13;211;159;10;0;000;000;000;000;000;000;000
mateo-flores;Mateo Flores;0;3;12;10;2;58;44;2;0;000;000;000;000;000;000;000
mateo-mejia;Mateo Mejia;0;0;2;1;1;1;0;0;0;000;000;000;000;000;000;000
mateu-morey;Mateu Morey;0;9;50;43;7;178;143;6;0;000;000;000;000;000;000;000
matija-nastasic;Matija Nastasic;0;20;89;46;43;666;506;42;0;050;000;050;000;000;050;000
matias-arbol;Matias Arbol;0;0;0;0;0;0;0;0;0;000;000;000;000;000;000;000
m-arambarri;Mauro Arambarri;1;25;204;124;80;483;332;26;2;024;004;020;004;016;004;004
max-aarons;Max Aarons;0;1;3;3;0;12;10;1;0;000;000;000;000;000;000;000
maximiliano-caufriez;Maximiliano Caufriez;0;1;10;3;7;14;10;1;0;000;000;000;000;000;000;000
miguel-3;Miguel Gutierrez;18;31;151;136;15;913;778;30;3;005;000;005;005;000;000;000
miguel-2;Miguel de la Fuente;0;14;237;124;113;196;111;4;4;005;000;005;000;005;000;000
m-morro;Miguel Angel Morro;0;0;0;0;0;0;0;0;0;000;000;000;000;000;000;000
mihailo-ristic;Mihailo Ristic;0;3;28;24;4;89;64;5;0;000;000;000;000;000;000;000
mika-marmol;Mika Marmol;0;37;112;87;25;800;611;39;0;000;000;000;000;000;000;000
mikel-jauregizar;Mikel Jauregizar;18;54;216;178;38;685;535;46;4;018;009;009;009;009;000;000
oyarzabal;Mikel Oyarzabal;0;15;144;69;75;325;228;6;2;019;000;019;014;000;005;000
vesga;Mikel Vesga;0;18;78;53;25;407;316;25;2;000;000;000;000;000;000;000
moi-gomez;Moi Gomez;2;11;73;55;18;372;298;12;0;000;000;000;000;000;000;000
diakhaby;Mouctar Diakhaby;0;1;7;3;4;29;19;2;0;025;000;025;000;025;000;000
moussa-diarra-1;Moussa Diarra;0;28;149;95;54;615;489;31;0;000;000;000;000;000;000;000
munir;Munir El Haddadi;1;11;99;73;26;131;98;0;1;025;013;013;013;000;013;000
nabil-aberdin;Nabil Aberdin;0;6;36;23;13;60;29;7;0;000;000;000;000;000;000;000
fekir;Nabil Fekir;8;3;26;24;2;72;60;2;1;000;000;000;000;000;000;000
nacho-vidal;Nacho Vidal;0;2;16;12;4;35;24;3;0;000;000;000;000;000;000;000
naci-unuvar;Naci Unuvar;0;2;5;5;0;16;11;1;0;000;000;000;000;000;000;000
nahuel-molina;Nahuel Molina;9;30;101;85;16;677;529;21;1;000;000;000;000;000;000;000
nahuel-tenaglia;Nahuel Tenaglia;0;64;230;164;66;603;403;34;0;007;000;007;000;000;007;000
naim-garcia;Naim Garcia;0;0;0;0;0;0;0;0;0;000;000;000;000;000;000;000
natan;Natan Bernardo de Souza;0;24;109;45;64;761;640;33;0;000;000;000;000;000;000;000
nayef-aguerd;Nayef Aguerd;0;30;163;73;90;1186;968;73;0;000;000;000;000;000;000;000
gudelj;Nemanja Gudelj;23;31;134;74;60;1069;906;34;1;000;000;000;000;000;000;000
nicolas-serrano;Nico Serrano;5;1;21;19;2;31;24;0;0;000;000;000;000;000;000;000
williams-jr;Nicholas Williams Arthuer;37;24;249;230;19;426;332;6;0;010;000;010;000;010;000;000
nicolas-pepe;Nicolas Pepe;4;6;88;66;22;320;262;8;3;005;000;005;000;005;000;000
noah-darvich;Noah Darvich;0;0;0;0;0;0;0;0;0;000;000;000;000;000;000;000
nobel-mendy;Nobel Mendy;0;0;0;0;0;0;0;0;0;000;000;000;000;000;000;000
oier-gastesi;Oier Gastesi;0;0;0;0;0;0;0;0;0;000;000;000;000;000;000;000
o-sancet-1;Oihan Sancet;0;10;139;121;18;455;365;20;5;039;006;033;003;027;009;000
oliver-mcburnie;Oliver McBurnie;0;9;181;75;106;271;186;2;0;000;000;000;000;000;000;000
omar-alderete;Omar Alderete;0;29;199;87;112;772;417;107;3;000;000;000;000;000;000;000
omar-1;Omar El Hilali;0;86;231;189;42;800;568;67;1;000;000;000;000;000;000;000
mascarell;Omar Mascarell;0;21;114;71;43;572;455;41;0;000;000;000;000;000;000;000
omar-sadik;Omar Sadik;0;0;0;0;0;0;0;0;0;000;000;000;000;000;000;000
oriol-romeu;Oriol Romeu;0;29;108;86;22;652;555;35;1;000;000;000;000;000;000;000
orri-oskarsson;Orri Oskarsson;0;4;79;28;51;129;73;1;0;023;000;023;008;015;000;000
pablo-barrios-rivas;Pablo Barrios;0;29;152;118;34;937;784;35;3;000;000;000;000;000;000;000
pablo-busto-1;Pablo Busto;0;0;0;0;0;0;0;0;0;000;000;000;000;000;000;000
pablo-duran;Pablo Duran;1;10;102;78;24;221;155;8;0;029;014;014;000;029;000;000
p-fornals;Pablo Fornals;23;11;92;65;27;513;388;26;7;010;000;010;000;010;000;000
pablo-garcia-5;Pablo Garcia;0;0;2;2;0;7;4;1;0;000;000;000;000;000;000;000
pablo-ibanez;Pablo Ibanez;1;11;99;69;30;279;210;7;1;000;000;000;000;000;000;000
maffeo;Pablo Maffeo;0;37;162;137;25;419;282;27;3;000;000;000;000;000;000;000
pablo-marin;Pablo Marin;0;9;59;41;18;120;84;4;1;000;000;000;000;000;000;000
pablo-rivera;Pablo Rivera;0;0;0;0;0;0;0;0;0;000;000;000;000;000;000;000
pablo-torre;Pablo Torre;8;5;34;27;7;160;133;2;1;075;050;025;025;050;000;025
pablo-valencia;Pablo Valencia;0;0;0;0;0;0;0;0;0;000;000;000;000;000;000;000
papa-dame-ba;Papa Dame Ba;0;1;9;9;0;12;5;0;0;000;000;000;000;000;000;000
pape-alassane-gueye;Pape Gueye;2;43;198;155;43;781;572;61;6;007;007;000;007;000;000;000
pathe-ciss;Pathe Ciss;0;32;175;126;49;621;497;29;4;020;000;020;000;010;010;000
pau-cabanes-de-la-torre;Pau Cabanes;1;5;50;43;7;109;85;1;1;033;000;033;000;033;000;000
pau-cubarsi;Pau Cubarsi;0;23;144;56;88;2039;1817;80;3;000;000;000;000;000;000;000
pau-lopez;Pau Lopez;0;0;1;0;1;22;12;4;0;000;000;000;000;000;000;000
pau-navarro;Pau Navarro;0;15;48;38;10;306;265;15;0;000;000;000;000;000;000;000
pau-victor;Pau Victor;0;1;33;30;3;93;74;2;0;029;014;014;014;014;000;000
paulo-gazzaniga;Paulo Gazzaniga;0;1;9;8;1;770;533;82;0;000;000;000;000;000;000;000
pedri;Pedro Gonzalez Lopez;23;38;175;168;7;1468;1208;82;17;031;008;023;015;015;000;000
pedro-aleman;Pedro Aleman;0;0;0;0;0;0;0;0;0;000;000;000;000;000;000;000
pedro-diaz;Pedro Diaz;5;10;41;34;7;182;153;4;1;000;000;000;000;000;000;000
pedro-ortiz;Pedro Ortiz;0;0;0;0;0;0;0;0;0;000;000;000;000;000;000;000
peio-canales;Peio Canales;3;2;8;7;1;27;22;1;0;000;000;000;000;000;000;000
pejino;Francisco Jesus Crespo Garcia;0;1;2;2;0;6;6;0;0;000;000;000;000;000;000;000
pelayo-fernandez;Pelayo Fernandez;0;0;0;0;0;0;0;0;0;000;000;000;000;000;000;000
chavarria-1;Pep Chavarria;0;31;123;91;32;735;589;26;0;000;000;000;000;000;000;000
pepelu;Jose Luis Garcia Vaya;60;33;135;97;38;903;689;72;2;010;000;010;000;010;000;000
peque-1;Gerard Fernandez Castellano;3;9;110;83;27;233;182;8;4;000;000;000;000;000;000;000
pere-joan;Pere Garcia;0;0;0;0;0;0;0;0;0;000;000;000;000;000;000;000
pere-milla;Pere Milla;3;3;39;32;7;86;49;3;3;000;000;000;000;000;000;000
peter;Peter Federico Gonzalez Carmona;0;7;59;41;18;67;49;2;0;000;000;000;000;000;000;000
pol-lozano;Pol Lozano;10;41;156;137;19;569;445;36;3;000;000;000;000;000;000;000
pol-tristan;Pol Tristan;0;0;0;0;0;0;0;0;0;000;000;000;000;000;000;000
portu;Cristian Portugues Manzanera;8;7;31;22;9;82;69;0;0;000;000;000;000;000;000;000
rafa-mir;Rafa Mir;0;7;43;26;17;59;42;1;0;000;000;000;000;000;000;000
rafael-bauza;Rafael Bauza;0;5;23;18;5;54;44;2;1;000;000;000;000;000;000;000
rafa-romero;Rafael Romero;0;0;0;0;0;0;0;0;0;000;000;000;000;000;000;000
r-terrats;Ramon Terrats;4;3;51;39;12;109;78;7;1;000;000;000;000;000;000;000
ramon-martinez;Ramon Martinez;0;0;2;1;1;10;9;0;0;000;000;000;000;000;000;000
nteka;Randy Nteka;0;10;151;79;72;171;108;2;0;025;000;025;025;000;000;000
raphinha;Raphael Dias Belloli;108;29;184;174;10;880;648;37;7;022;003;019;017;005;000;000
rayane-belaid;Rayane Belaid;0;0;0;0;0;0;0;0;0;000;000;000;000;000;000;000
r-albiol;Raul Albiol;0;10;74;29;45;811;683;44;1;000;000;000;000;000;000;000
raul;Raul Asencio;0;13;67;42;25;556;501;16;1;000;000;000;000;000;000;000
raul-chasco;Raul Chasco;0;4;12;12;0;39;21;5;1;000;000;000;000;000;000;000
raul-4;Raul Garcia;0;9;84;56;28;128;88;1;0;014;007;007;000;007;007;000
raul-jimenez-1;Raul Jimenez;0;0;0;0;0;0;0;0;0;000;000;000;000;000;000;000
raul-martinez-1;Raul Martinez;0;0;0;0;0;0;0;0;0;000;000;000;000;000;000;000
raul-moro;Raul Moro;23;14;145;130;15;325;219;19;3;020;007;013;000;013;007;000
r-d-t;Raul de Tomas;0;0;0;0;0;0;0;0;0;000;000;000;000;000;000;000
reinildo;Reinildo Isnard Mandava;0;17;90;67;23;487;393;14;0;000;000;000;000;000;000;000
tapia-1;Renato Tapia;0;34;153;120;33;617;446;38;3;017;017;000;000;017;000;000
ricard-artero;Ricard Artero;0;0;0;0;0;0;0;0;0;000;000;000;000;000;000;000
ricardo-rodriguez-1;Ricardo Rodriguez;0;19;66;42;24;332;270;4;0;000;000;000;000;000;000;000
robert-lewandowski;Robert Lewandowski;0;7;167;114;53;380;273;11;2;032;002;030;008;021;003;000
navarro-2;Robert Navarro;7;29;160;147;13;406;318;9;5;008;000;008;000;008;000;000
roberto-fernandez-2;Roberto Fernandez;0;4;71;42;29;79;48;1;0;100;000;100;000;050;050;000
lopez-alcaide;Roberto Lopez;11;7;36;28;8;177;137;9;0;000;000;000;000;000;000;000
le-normand;Robin Le Normand;0;17;106;62;44;716;624;20;0;000;000;000;000;000;000;000
rodri-3;Rodrigo Sanchez Rodriguez;3;2;17;15;2;59;49;2;0;000;000;000;000;000;000;000
rodrigo-abajas;Rodrigo Abajas;0;3;9;8;1;20;11;0;0;000;000;000;000;000;000;000
de-paul;Rodrigo De Paul;10;17;114;106;8;1085;845;64;20;038;025;013;000;038;000;000
riquelme;Rodrigo Riquelme;8;8;50;43;7;179;156;2;0;000;000;000;000;000;000;000
rodrygo;Rodrygo Silva de Goes;49;10;139;123;16;796;723;7;1;019;003;016;003;016;000;000
romain-perraud;Romain Perraud;0;27;150;131;19;635;503;13;0;013;013;000;000;013;000;000
r-araujo;Ronald Araujo;0;1;23;5;18;196;172;9;0;000;000;000;000;000;000;000
ruben-garcia;Ruben Garcia;38;37;176;128;48;674;489;44;0;025;013;013;013;013;000;013
ruben-gomez-peris;Ruben Gomez;0;0;0;0;0;0;0;0;0;000;000;000;000;000;000;000
ruben-iranzo;Ruben Iranzo;0;0;0;0;0;0;0;0;0;000;000;000;000;000;000;000
r-pena;Ruben Pena;4;8;89;71;18;175;113;4;0;000;000;000;000;000;000;000
ruben-vargas;Ruben Vargas;7;5;48;41;7;121;91;5;0;014;000;014;000;014;000;000
rui-silva;Rui Tiago Dantas da Silva;0;0;6;4;2;452;285;57;0;000;000;000;000;000;000;000
sanchez-1;Salvi Sanchez;0;0;0;0;0;0;0;0;0;000;000;000;000;000;000;000
samuel-lino;Samuel Dias Lino;2;20;127;112;15;532;406;30;1;014;005;009;005;009;000;000
samu-3;Samuel de Almeida Costa;0;55;256;184;72;927;704;54;2;000;000;000;000;000;000;000
sandro;Sandro Ramirez;40;19;137;121;16;351;244;11;1;025;007;018;007;018;000;007
santi-c-v;Santi Comesana;0;47;212;163;49;914;762;35;4;021;000;021;014;000;007;000
santiago-mourino;Santiago Mourino;0;17;86;61;25;327;241;18;0;000;000;000;000;000;000;000
saul-1;Saul Niguez;1;27;126;91;35;345;268;14;2;005;000;005;000;005;000;000
scott-mckenna;Scott McKenna;0;14;114;34;80;986;824;29;0;000;000;000;000;000;000;000
sebastian-john-wade-gardiner;Sebas Wade;0;0;0;0;0;0;0;0;0;000;000;000;000;000;000;000
selim-amallah;Selim Amallah;16;18;138;125;13;256;200;11;2;019;006;013;000;019;000;000
silvi-clua;Selvi Clua;0;8;28;19;9;93;71;4;0;000;000;000;000;000;000;000
sergi-altimira;Sergi Altimira;0;45;163;141;22;854;719;33;4;000;000;000;000;000;000;000
sergi-canos;Sergi Canos;4;10;61;50;11;127;74;4;0;000;000;000;000;000;000;000
sergi-cardona;Sergi Cardona;1;47;190;137;53;832;640;31;0;008;000;008;008;000;000;000
s-darder;Sergi Darder;43;28;139;126;13;620;461;53;4;000;000;000;000;000;000;000
sergi-dominguez;Sergi Dominguez;0;1;7;3;4;179;168;2;0;000;000;000;000;000;000;000
sergi-guardiola;Sergi Guardiola;0;3;26;18;8;48;32;2;0;000;000;000;000;000;000;000
s-gomez;Sergi Gomez;0;8;47;16;31;347;300;9;0;000;000;000;000;000;000;000
sergio-arribas-1;Sergio Arribas;0;7;9;8;1;41;28;0;0;000;000;000;000;000;000;000
camello;Sergio Camello;0;9;113;76;37;253;201;3;7;013;000;013;009;004;000;000
s-carreira;Sergio Carreira;1;22;68;58;10;344;262;12;1;000;000;000;000;000;000;000
sergio-g;Sergio Gonzalez;0;27;148;67;81;1096;848;74;0;029;000;029;000;000;029;000
sergio-gomez;Sergio Gomez;88;51;162;132;30;858;694;30;1;000;000;000;000;000;000;000
s-herrera;Sergio Herrera;0;2;12;7;5;754;297;207;0;000;000;000;000;000;000;000
sergio-mestre;Sergio Mestre;0;0;0;0;0;0;0;0;0;000;000;000;000;000;000;000
sergio-ruiz-1;Sergio Ruiz;0;0;0;0;0;0;0;0;0;000;000;000;000;000;000;000
sergio-vieira;Sergio Viera;0;0;0;0;0;0;0;0;0;000;000;000;000;000;000;000
seydouba-cisse;Seydouba Cisse;2;34;180;140;40;685;547;34;1;033;000;033;000;033;000;000
sheraldo-becker;Sheraldo Becker;2;2;57;34;23;219;157;8;0;012;000;012;000;012;000;000
siebe-van-der-heyden;Siebe Van der Heyden;0;1;10;7;3;63;54;3;0;000;000;000;000;000;000;000
stanis-idumbo-muzambo;Stanis Idumbo Muzambo;0;8;39;38;1;51;42;0;1;050;000;050;000;050;000;000
stanko-juric;Stanko Juric;0;41;176;123;53;592;491;14;1;000;000;000;000;000;000;000
stefan-bajcetic;Stefan Bajcetic;0;9;50;38;12;111;75;5;0;050;000;050;000;050;000;000
stipe-biuk;Stipe Biuk;0;0;0;0;0;0;0;0;0;000;000;000;000;000;000;000
stoichkov;Juan Diego Molina Martinez;0;14;85;64;21;200;121;10;6;000;000;000;000;000;000;000
dimitrievski;Stole Dimitrievski;0;0;0;0;0;108;27;16;0;000;000;000;000;000;000;000
suso;Jesus Joaquin Fernandez Saenz de la Torre;10;2;33;30;3;104;88;4;1;000;000;000;000;000;000;000
sebastien-haller;Sebastien Haller;0;2;63;20;43;90;53;1;2;000;000;000;000;000;000;000
tadeo-allende;Tadeo Allende;0;0;1;1;0;3;1;0;0;000;000;000;000;000;000;000
tajon-buchanan;Tajon Buchanan;0;5;15;13;2;12;6;0;0;000;000;000;000;000;000;000
take;Takefusa Kubo;15;21;239;220;19;556;401;18;5;025;000;025;025;000;000;000
takuma-asano;Takuma Asano;0;7;55;41;14;99;68;1;0;000;000;000;000;000;000;000
tamas-nikitscher;Tamas Nikitscher;0;6;17;13;4;100;85;8;0;000;000;000;000;000;000;000
nianzou-kouassi;Tanguy Nianzou;0;7;45;24;21;314;279;6;0;000;000;000;000;000;000;000
tasos-douvikas;Tasos Douvikas;0;9;115;77;38;105;74;1;0;020;000;020;000;013;007;000
thiago-ojeda;Thiago Ojeda;0;0;1;1;0;7;7;0;0;000;000;000;000;000;000;000
courtois;Thibaut Courtois;0;0;8;1;7;634;478;53;0;000;000;000;000;000;000;000
thierno-barry-1;Thierno Barry;0;10;228;118;110;226;132;4;1;017;000;017;004;007;007;000
thierry-r;Thierry Rendall Correia;0;27;98;86;12;338;235;13;0;000;000;000;000;000;000;000
lemar;Thomas Lemar;0;0;3;3;0;6;5;1;0;000;000;000;000;000;000;000
tomas-conechny;Tomas Conechny;3;10;103;68;35;232;149;2;2;007;000;007;000;000;007;000
toni-fernandez;Toni Fernandez;0;0;0;0;0;0;0;0;0;000;000;000;000;000;000;000
lato;Antonio Latorre Grueso;0;7;25;19;6;114;79;6;0;000;000;000;000;000;000;000
t-martinez;Toni Martinez;0;9;145;37;108;168;103;0;2;011;007;004;004;007;000;000
toni-villa;Laureano Antonio Villa Suarez;0;0;0;0;0;0;0;0;0;000;000;000;000;000;000;000
sadiq;Umar Sadiq;0;7;100;65;35;96;63;2;0;020;000;020;000;000;020;000
unai-egiluz;Unai Egiluz;0;0;0;0;0;0;0;0;0;000;000;000;000;000;000;000
unai-garcia;Unai Garcia;0;0;0;0;0;0;0;0;0;000;000;000;000;000;000;000
unai-gomez;Unai Gomez;9;6;94;56;38;160;108;5;2;014;000;014;014;000;000;000
unai-lopez;Unai Lopez;7;19;88;74;14;769;624;33;3;030;010;020;000;020;010;000
marrero;Unai Marrero;0;0;0;0;0;0;0;0;0;000;000;000;000;000;000;000
nunez-2;Unai Nunez;0;2;16;9;7;145;117;9;0;000;000;000;000;000;000;000
unai-simon;Unai Simon;0;0;3;1;2;187;94;38;0;000;000;000;000;000;000;000
gonzalez-de-zarate;Urko Gonzalez;0;11;38;24;14;93;69;4;0;000;000;000;000;000;000;000
valentin-rosier;Valentin Rosier;0;51;194;159;35;630;465;25;0;000;000;000;000;000;000;000
valentin-barco;Valentin Barco;9;15;46;43;3;135;100;7;2;000;000;000;000;000;000;000
valentin-pezzolesi;Valentin Pezzolesi;0;0;0;0;0;5;2;0;0;000;000;000;000;000;000;000
valery;Valery Fernandez;0;8;25;21;4;60;52;1;0;067;000;067;033;033;000;000
vedat-muriqi;Vedat Muriqi;0;2;233;75;158;313;196;9;2;018;000;018;009;000;009;000
vicent-abril;Vicent Abril;0;0;0;0;0;0;0;0;0;000;000;000;000;000;000;000
guaita;Vicente Guaita;0;0;12;3;9;465;297;61;0;000;000;000;000;000;000;000
viktor-tsygankov;Viktor Tsyhankov;44;11;81;67;14;364;294;8;1;010;000;010;010;000;000;000
vini-jr;Vinicius Jose Paixao de Oliveira Junior;5;16;257;250;7;544;409;21;8;021;002;019;005;016;000;000
viti;Viti Rozada;0;42;118;94;24;418;339;20;1;000;000;000;000;000;000;000
vitor-roque;Vitor Hugo Roque Ferreira;1;11;188;141;47;188;134;4;1;013;000;013;000;010;003;000
vladyslav-krapyvtsov;Vladyslav Krapyvtsov;0;0;0;0;0;0;0;0;0;000;000;000;000;000;000;000
v-meseguer;Victor Meseguer;0;10;55;37;18;185;139;7;1;000;000;000;000;000;000;000
victor-munoz;Victor Munoz Villanueva;0;0;0;0;0;0;0;0;0;000;000;000;000;000;000;000
victor-puig;Victor Puig;0;0;0;0;0;0;0;0;0;000;000;000;000;000;000;000
walid-cheddira;Walid Cheddira;0;4;106;70;36;91;65;1;0;014;000;014;014;000;000;000
warren-madrigal;Warren Madrigal;0;0;0;0;0;0;0;0;0;000;000;000;000;000;000;000
william-2;William Silva de Carvalho;0;3;24;19;5;182;140;11;0;000;000;000;000;000;000;000
williot-swedberg;Williot Swedberg;0;14;119;99;20;278;203;8;2;015;005;010;000;015;000;000
willy-kambwala;Willy Kambwala;0;9;36;14;22;276;215;22;0;000;000;000;000;000;000;000
wojciech-szczesny;Wojciech Szczesny;0;1;1;1;0;155;117;17;0;000;000;000;000;000;000;000
xavier-pleguezuelo;Xavier Pleguezuelo;0;0;0;0;0;0;0;0;0;000;000;000;000;000;000;000
herrera-1;Yangel Herrera;0;40;221;178;43;637;523;21;2;017;000;017;000;000;017;000
yarek-gasiorowski;Yarek Gasiorowski;0;19;66;30;36;460;345;30;1;000;000;000;000;000;000;000
jesus-santiago;Jesus Santiago Perez;0;12;43;38;5;104;70;2;0;000;000;000;000;000;000;000
yeray-2;Yeray Alvarez;0;18;103;53;50;742;575;51;1;000;000;000;000;000;000;000
yeremy;Yeremy Pino;1;38;169;151;18;400;303;7;3;010;000;010;000;010;000;000
yoel-lago;Yoel Lago;0;2;9;7;2;143;126;3;1;000;000;000;000;000;000;000
youssef-lekhedim;Youssef Lekhedim;0;0;0;0;0;0;0;0;0;000;000;000;000;000;000;000
youssouf-sabaly;Youssouf Sabaly;0;28;91;76;15;491;412;6;2;000;000;000;000;000;000;000
yuri-b;Yuri Berchiche;0;22;98;68;30;740;591;38;0;000;000;000;000;000;000;000
yvan-neyou;Yvan Neyou;0;44;193;164;29;751;622;31;2;009;000;009;000;009;000;000
yaser-asprilla;Yaser Asprilla;16;14;91;89;2;380;290;18;4;014;007;007;014;000;000;000
alex-b;Alex Baena;87;21;191;161;30;775;522;51;13;019;000;019;009;009;000;000
alejandro-gil;Alex Gil;0;0;0;0;0;0;0;0;0;000;000;000;000;000;000;000
alex-munoz;Alex Munoz;0;31;121;82;39;516;418;13;0;043;000;043;014;014;014;000
a-remiro;Alex Remiro;0;0;8;2;6;796;408;164;0;000;000;000;000;000;000;000
a-sola;Alex Sola;0;21;207;159;48;221;147;5;0;000;000;000;000;000;000;000
alex-suarez;Alex Suarez;0;31;130;71;59;991;809;48;1;000;000;000;000;000;000;000
alex-valle;Alex Valle;0;0;0;0;0;0;0;0;0;000;000;000;000;000;000;000
alvaro-aceves;Alvaro Aceves;0;0;0;0;0;0;0;0;0;000;000;000;000;000;000;000
aguado-1;Alvaro Aguado;3;4;35;30;5;191;139;13;1;000;000;000;000;000;000;000
alvaro-cortes-1;Alvaro Cortes;0;0;0;0;0;0;0;0;0;000;000;000;000;000;000;000
alvaro-djalo;Alvaro Djalo;0;6;79;60;19;72;47;4;0;011;000;011;000;000;011;000
alvaro-fernandez;Alvaro Fernandez;0;0;4;3;1;268;112;49;0;000;000;000;000;000;000;000
alvaro-1;Alvaro Garcia;1;27;101;84;17;444;289;15;2;012;000;012;004;008;000;000
alvaro-killane;Alvaro Killane;0;0;0;0;0;0;0;0;0;000;000;000;000;000;000;000
odriozola;Alvaro Odriozola;0;1;6;5;1;24;17;0;0;000;000;000;000;000;000;000
alvaro-rodriguez-3;Alvaro Rodriguez;0;7;187;74;113;138;71;0;1;020;000;020;010;000;010;000
a-tejero;Alvaro Tejero;42;11;93;74;19;395;294;17;1;007;007;000;000;007;000;007
correa;Angel Correa;6;6;84;76;8;197;152;4;0;017;000;017;000;017;000;000
angel-f;Angel Fortuno;0;0;0;0;0;0;0;0;0;000;000;000;000;000;000;000
angel-ortiz;Angel Ortiz;0;10;51;39;12;156;118;4;0;000;000;000;000;000;000;000
aron-yaakobishvili;Aron Yaakobishvili;0;0;0;0;0;0;0;0;0;000;000;000;000;000;000;000
e-militao;Eder Gabriel Militao;0;19;94;61;33;706;586;48;0;014;000;014;000;014;000;000
i-lekue;Inigo Lekue;0;10;33;28;5;215;159;9;0;000;000;000;000;000;000;000
r-de-galarreta;Inigo Ruiz de Galarreta;5;25;105;95;10;548;436;33;4;000;000;000;000;000;000;000
de-marcos;Oscar De Marcos;0;26;89;71;18;581;429;29;2;000;000;000;000;000;000;000
mingueza;Oscar Mingueza;9;24;146;130;16;1101;821;66;5;013;007;007;000;013;000;007
oscar-4;Oscar Rodriguez;14;26;133;109;24;333;232;22;2;007;000;007;000;000;007;000
oscar-trejo;Oscar Trejo;2;4;52;44;8;161;137;3;0;000;000;000;000;000;000;000
oscar-5;Oscar Valentin;0;46;208;148;60;599;460;24;0;000;000;000;000;000;000;000
orjan-nyland;Ørjan Nyland;0;1;5;2;3;516;225;78;0;000;000;000;000;000;000;000
