ID;Jugador;CL;ENT;DUE;D;DA;PC;PCC;PLC;PH;GPT;GPTFA;GPTDA;GCPI;GCPD;CG;GABP
abdessamad-ezzalzouli;Abde Ezzalzouli;1;31;247;198;49;536;392;9;2;0.02;0.00;0.02;0.00;0.02;0.00;0.00
abderrahman-rebbach;Abde Rebbach;7;3;49;36;13;99;64;5;0;0.00;0.00;0.00;0.00;0.00;0.00;0.00
abqar;Abdel Abqar;0;29;167;102;65;780;525;67;1;0.00;0.00;0.00;0.00;0.00;0.00;0.00
abdoulaye-keita;Abdoulaye Keita;0;2;22;15;7;25;13;1;0;0.00;0.00;0.00;0.00;0.00;0.00;0.00
abdul-mumin;Abdul Mumin;0;37;150;92;58;1054;833;49;0;0.20;0.00;0.20;0.10;0.00;0.10;0.00
abdon;Abdón Prats;0;1;56;23;33;50;32;2;0;0.22;0.00;0.22;0.11;0.00;0.11;0.00
abel-bretones;Abel Bretones;0;35;138;113;25;485;339;22;1;0.29;0.14;0.14;0.29;0.00;0.00;0.00
abel-ruiz;Abel Ruiz;0;4;78;53;25;213;182;7;1;0.25;0.00;0.25;0.00;0.19;0.06;0.00
aboubacar-bassinga;Aboubacar Bassinga;0;0;2;2;0;4;1;1;1;0.00;0.00;0.00;0.00;0.00;0.00;0.00
adam-aznou;Adam Aznou;1;3;18;16;2;18;11;0;0;0.00;0.00;0.00;0.00;0.00;0.00;0.00
adama-boiro;Adama Boiro;0;13;65;49;16;230;191;3;0;0.00;0.00;0.00;0.00;0.00;0.00;0.00
januzaj;Adnan Januzaj;17;6;48;40;8;136;103;6;5;0.40;0.20;0.20;0.40;0.00;0.00;0.20
embarba;Adri Embarba;29;28;158;128;30;339;239;16;2;0.06;0.00;0.06;0.00;0.06;0.00;0.00
adria-altimira;Adrià Alti;0;30;125;102;23;330;244;19;1;0.00;0.00;0.00;0.00;0.00;0.00;0.00
pedrosa-1;Adrià Pedrosa;2;33;150;118;32;567;425;20;1;0.13;0.13;0.00;0.13;0.00;0.00;0.00
adrian-2;Adrián San Miguel del Castillo;0;0;3;1;2;193;102;42;0;0.00;0.00;0.00;0.00;0.00;0.00;0.00
arnu;Adrián Arnu;0;0;1;1;0;0;0;0;0;0.00;0.00;0.00;0.00;0.00;0.00;0.00
adrian-nino;Adrián Niño;0;0;1;0;1;0;0;0;0;0.00;0.00;0.00;0.00;0.00;0.00;0.00
adrian-pica;Adrián Hernández Hernández;0;9;52;24;28;194;132;19;0;0.00;0.00;0.00;0.00;0.00;0.00;0.00
a-rodriguez-1;Adrián Rodríguez;0;0;0;0;0;0;0;0;0;0.00;0.00;0.00;0.00;0.00;0.00;0.00
malcom-adu-ares;Malcom Abdulai Ares Djaló;0;0;4;4;0;8;5;0;0;0.00;0.00;0.00;0.00;0.00;0.00;0.00
aihen;Aihen Muñoz;0;11;71;44;27;233;174;6;0;0.00;0.00;0.00;0.00;0.00;0.00;0.00
aimar-1;Aimar Oroz;2;23;230;199;31;685;546;29;7;0.11;0.00;0.11;0.05;0.05;0.00;0.00
aingeru-olabarrieta;Aingeru Olabarrieta;0;0;0;0;0;0;0;0;0;0.00;0.00;0.00;0.00;0.00;0.00;0.00
aitor-fdez;Aitor Fernández;0;0;0;0;0;0;0;0;0;0.00;0.00;0.00;0.00;0.00;0.00;0.00
aitor-fraga;Aitor Fraga;0;0;0;0;0;0;0;0;0;0.00;0.00;0.00;0.00;0.00;0.00;0.00
aitor-gismera;Aitor Gismera;0;0;0;0;0;0;0;0;0;0.00;0.00;0.00;0.00;0.00;0.00;0.00
paredes-2;Aitor Paredes;0;9;81;36;45;677;518;53;0;0.60;0.00;0.60;0.20;0.00;0.40;0.00
aitor-r;Aitor Ruibal;2;12;70;55;15;225;184;11;0;0.00;0.00;0.00;0.00;0.00;0.00;0.00
akor-adams;Akor Adams;0;0;2;0;2;3;2;0;0;0.00;0.00;0.00;0.00;0.00;0.00;0.00
alassane-diatta;Alassane Diatta;0;0;0;0;0;0;0;0;0;0.00;0.00;0.00;0.00;0.00;0.00;0.00
albert-mboyo-sambi-lokonga;Albert Sambi Lokonga;0;18;100;66;34;712;610;31;4;0.00;0.00;0.00;0.00;0.00;0.00;0.00
alberto-collado;Alberto Collado;0;0;0;0;0;0;0;0;0;0.00;0.00;0.00;0.00;0.00;0.00;0.00
alberto-flores;Alberto Flores;0;0;0;0;0;0;0;0;0;0.00;0.00;0.00;0.00;0.00;0.00;0.00
alberto-mari;Alberto Marí;0;0;1;1;0;4;2;0;0;0.00;0.00;0.00;0.00;0.00;0.00;0.00
a-moleiro;Alberto Moleiro;1;21;244;222;22;666;547;11;8;0.10;0.00;0.10;0.05;0.03;0.03;0.00
alberto-risco;Alberto Risco;0;4;26;22;4;29;22;0;0;0.00;0.00;0.00;0.00;0.00;0.00;0.00
alex-balde;Alejandro Balde;0;12;179;159;20;944;837;17;2;0.00;0.00;0.00;0.00;0.00;0.00;0.00
catena;Alejandro Catena;0;33;155;86;69;990;712;91;0;0.00;0.00;0.00;0.00;0.00;0.00;0.00
a-frances;Alejandro Francés;0;22;71;60;11;446;359;22;0;0.00;0.00;0.00;0.00;0.00;0.00;0.00
alejandro-iturbe;Alejandro Iturbe;0;0;0;0;0;0;0;0;0;0.00;0.00;0.00;0.00;0.00;0.00;0.00
alejandro-jay;Alejandro Jay;0;0;0;0;0;0;0;0;0;0.00;0.00;0.00;0.00;0.00;0.00;0.00
alex-padilla;Alejandro Padilla;0;0;2;1;1;105;23;29;0;0.00;0.00;0.00;0.00;0.00;0.00;0.00
alejo-veliz;Alejo Véliz;0;1;145;57;88;156;98;4;0;0.07;0.00;0.07;0.00;0.07;0.00;0.00
aleksandar-andreev;Aleksandar Andreev;0;0;0;0;0;0;0;0;0;0.00;0.00;0.00;0.00;0.00;0.00;0.00
sedlar;Aleksandar Sedlar;0;15;40;29;11;155;111;11;0;0.00;0.00;0.00;0.00;0.00;0.00;0.00
alex-almansa;Alex Almansa;0;0;0;0;0;0;0;0;0;0.00;0.00;0.00;0.00;0.00;0.00;0.00
berenguer;Alex Berenguer;64;19;180;127;53;484;366;13;3;0.16;0.00;0.16;0.10;0.03;0.03;0.00
alex-kral;Alex Král;0;46;218;168;50;651;460;27;6;0.00;0.00;0.00;0.00;0.00;0.00;0.00
alex-marchal;Alex Marchal;0;0;0;0;0;0;0;0;0;0.00;0.00;0.00;0.00;0.00;0.00;0.00
alexander-sorloth;Alexander Sørloth;0;5;164;70;94;224;139;3;1;0.32;0.00;0.32;0.14;0.11;0.07;0.00
alfonso-1;Alfon González;0;3;68;61;7;124;92;0;0;0.07;0.00;0.07;0.00;0.07;0.00;0.00
a-espino;Alfonso Espino;0;22;73;62;11;138;87;7;0;0.00;0.00;0.00;0.00;0.00;0.00;0.00
a-pedraza;Alfonso Pedraza;0;0;0;0;0;1;1;0;0;0.00;0.00;0.00;0.00;0.00;0.00;0.00
ali-fadal;Ali Fadal;0;0;0;0;0;0;0;0;0;0.00;0.00;0.00;0.00;0.00;0.00;0.00
nyom;Allan Nyom;0;11;61;43;18;192;146;8;0;0.17;0.00;0.17;0.00;0.17;0.00;0.00
alvaro-abajas;Alvin Abajas;0;0;0;0;0;0;0;0;0;0.00;0.00;0.00;0.00;0.00;0.00;0.00
amath;Amath Ndiaye;0;1;32;27;5;77;56;5;0;0.00;0.00;0.00;0.00;0.00;0.00;0.00
ander-astralaga;Ander Astralaga;0;0;0;0;0;0;0;0;0;0.00;0.00;0.00;0.00;0.00;0.00;0.00
barrenetxea;Ander Barrenetxea;0;17;131;117;14;314;220;24;1;0.07;0.00;0.07;0.07;0.00;0.00;0.00
guevara;Ander Guevara;0;37;174;124;50;717;521;40;0;0.00;0.00;0.00;0.00;0.00;0.00;0.00
ander;Ander Herrera;0;8;30;25;5;198;174;6;0;0.00;0.00;0.00;0.00;0.00;0.00;0.00
gorosabel;Andoni Gorosabel;0;22;75;55;20;354;301;8;0;0.00;0.00;0.00;0.00;0.00;0.00;0.00
andreas-christensen;Andreas Christensen;0;0;2;1;1;16;14;0;0;0.00;0.00;0.00;0.00;0.00;0.00;0.00
andrei;Andrei Ratiu;0;48;236;201;35;854;696;23;2;0.08;0.08;0.00;0.00;0.08;0.00;0.00
lunin;Andrii Lunin;0;0;2;1;1;94;60;15;0;0.00;0.00;0.00;0.00;0.00;0.00;0.00
andre-almeida-1;Domingos André Ribeiro Almeida;19;31;143;126;17;526;449;15;4;0.00;0.00;0.00;0.00;0.00;0.00;0.00
andre-ferreira;André Filipe Magalhães Ribeiro Ferreira;0;0;0;0;0;0;0;0;0;0.00;0.00;0.00;0.00;0.00;0.00;0.00
andres-cuenca;Andrés Cuenca;0;0;0;0;0;0;0;0;0;0.00;0.00;0.00;0.00;0.00;0.00;0.00
andy-pelmard;Andy Pelmard;0;5;14;12;2;98;82;5;0;0.00;0.00;0.00;0.00;0.00;0.00;0.00
ansu-fati;Ansu Fati;0;1;15;10;5;62;53;0;2;0.00;0.00;0.00;0.00;0.00;0.00;0.00
antal-yaakobishvili;Antal Yaakobishvili;0;0;0;0;0;0;0;0;0;0.00;0.00;0.00;0.00;0.00;0.00;0.00
budimir;Ante Budimir;0;13;313;109;204;279;156;1;1;0.28;0.00;0.28;0.19;0.00;0.09;0.00
griezmann;Antoine Griezmann;64;25;141;108;33;928;691;50;8;0.28;0.07;0.21;0.24;0.03;0.00;0.03
antonio-blanco;Antonio Blanco;0;42;209;166;43;746;546;56;4;0.00;0.00;0.00;0.00;0.00;0.00;0.00
antonio-candela;Antonio Candela;0;3;14;10;4;90;64;5;1;0.00;0.00;0.00;0.00;0.00;0.00;0.00
antonio-espigares;Antonio Espigares;0;0;0;0;0;0;0;0;0;0.00;0.00;0.00;0.00;0.00;0.00;0.00
antonio-gomis;Antonio Gomis;0;0;0;0;0;0;0;0;0;0.00;0.00;0.00;0.00;0.00;0.00;0.00
a-raillo;Antonio Raíllo;0;22;211;71;140;1166;977;57;1;0.06;0.00;0.06;0.00;0.00;0.00;0.00
antonio-rudiger;Antonio Rüdiger;0;14;95;47;48;1491;1277;98;1;0.00;0.00;0.00;0.00;0.00;0.00;0.00
sivera;Antonio Sivera;0;1;13;7;6;588;132;196;0;0.00;0.00;0.00;0.00;0.00;0.00;0.00
sanchez;Antonio Sánchez;3;19;73;63;10;318;222;21;1;0.00;0.00;0.00;0.00;0.00;0.00;0.00
antoniu-roca;Antoniu Roca;0;10;81;67;14;100;71;1;0;0.00;0.00;0.00;0.00;0.00;0.00;0.00
antony;Antony Matheus dos Santos;2;6;40;32;8;164;127;4;2;0.25;0.00;0.25;0.25;0.00;0.00;0.00
a-tuhami;Anuar Tuhami;1;20;136;99;37;282;227;4;1;0.33;0.00;0.33;0.00;0.33;0.00;0.00
arda-guler;Arda Güler;10;16;91;78;13;350;293;18;3;0.08;0.00;0.08;0.08;0.00;0.00;0.00
aridane-1;Aridane Hernández;0;2;17;6;11;88;68;8;0;0.00;0.00;0.00;0.00;0.00;0.00;0.00
arambarri-1;Aritz Arambarri;0;1;15;1;14;67;48;1;0;0.00;0.00;0.00;0.00;0.00;0.00;0.00
aritz;Aritz Elustondo;0;12;72;47;25;416;333;21;2;0.00;0.00;0.00;0.00;0.00;0.00;0.00
arkaitz-mariezkurrena;Arkaitz Mariezkurrena;0;0;0;0;0;0;0;0;0;0.00;0.00;0.00;0.00;0.00;0.00;0.00
arnau-1;Arnau Martínez;1;28;152;112;40;1091;934;29;3;0.17;0.00;0.17;0.00;0.00;0.17;0.00
arnau-rafus;Arnau Rafús;0;0;0;0;0;0;0;0;0;0.00;0.00;0.00;0.00;0.00;0.00;0.00
arnau-sola;Arnau Solà;0;0;0;0;0;0;0;0;0;0.00;0.00;0.00;0.00;0.00;0.00;0.00
arnaut-danjuma;Arnaut Danjuma;17;9;77;74;3;251;195;12;0;0.17;0.00;0.17;0.06;0.11;0.00;0.00
arsen-zakharyan;Arsen Zakharyan;1;1;3;3;0;32;25;2;2;0.25;0.25;0.00;0.00;0.25;0.00;0.00
arthur;Arthur Henrique Ramos de Oliveira Melo;0;2;7;7;0;61;51;7;0;0.00;0.00;0.00;0.00;0.00;0.00;0.00
arthur-vermeeren;Arthur Vermeeren;0;0;0;0;0;0;0;0;0;0.00;0.00;0.00;0.00;0.00;0.00;0.00
asier-osambela;Asier Osambela;0;0;0;0;0;0;0;0;0;0.00;0.00;0.00;0.00;0.00;0.00;0.00
villalibre;Asier Villalibre;0;0;40;19;21;56;34;3;0;0.17;0.00;0.17;0.17;0.00;0.00;0.00
assane-diao;Assane Diao;0;5;45;31;14;60;44;1;0;0.17;0.00;0.17;0.00;0.17;0.00;0.00
augusto-batalla;Augusto Batalla;0;3;16;12;4;645;282;123;0;0.00;0.00;0.00;0.00;0.00;0.00;0.00
aurelien-tchouameni;Aurélien Tchouaméni;0;29;133;78;55;1381;1242;46;0;0.00;0.00;0.00;0.00;0.00;0.00;0.00
axel-witsel;Axel Witsel;0;13;60;23;37;490;419;23;0;0.00;0.00;0.00;0.00;0.00;0.00;0.00
ayoze-perez;Ayoze Pérez;0;18;145;122;23;199;155;3;3;0.35;0.03;0.32;0.03;0.23;0.10;0.00
b-ramirez;Benito Ramírez;2;10;51;39;12;207;170;6;0;0.00;0.00;0.00;0.00;0.00;0.00;0.00
bertug-yildirim;Bertug Yildirim;0;6;184;70;114;144;76;3;0;0.07;0.00;0.07;0.00;0.00;0.07;0.00
benat-prados;Beñat Prados;0;25;130;101;29;519;419;9;3;0.11;0.00;0.11;0.00;0.00;0.11;0.00
benat-turrientes;Beñat Turrientes;10;12;76;57;19;246;213;8;0;0.00;0.00;0.00;0.00;0.00;0.00;0.00
bojan-miovski;Bojan Miovski;0;6;59;36;23;78;62;1;0;0.33;0.00;0.33;0.33;0.00;0.00;0.00
b-iglesias;Borja Iglesias;0;7;135;106;29;311;222;12;5;0.25;0.00;0.25;0.10;0.10;0.05;0.00
b-mayoral;Borja Mayoral;0;1;62;30;32;96;67;5;0;0.44;0.00;0.44;0.00;0.44;0.00;0.00
borna-barisic;Borna Barisic;0;0;0;0;0;2;2;0;0;0.00;0.00;0.00;0.00;0.00;0.00;0.00
brahim;Brahim Díaz;0;18;113;100;13;432;376;5;6;0.27;0.00;0.27;0.27;0.00;0.00;0.00
brais-mendez;Brais Méndez;23;18;192;155;37;613;489;20;2;0.15;0.00;0.15;0.10;0.05;0.00;0.00
b-olivan;Brian Oliván;9;13;57;44;13;329;225;23;0;0.00;0.00;0.00;0.00;0.00;0.00;0.00
bryan;Bryan Gil;14;32;227;222;5;616;542;10;0;0.13;0.00;0.13;0.09;0.00;0.04;0.00
bryan-zaragoza;Bryan Zaragoza;15;11;155;146;9;268;166;18;3;0.05;0.00;0.05;0.00;0.05;0.00;0.00
carl-starfelt;Carl Starfelt;0;30;150;58;92;1259;1133;39;1;0.33;0.00;0.33;0.00;0.00;0.33;0.00
alena;Carles Aleñá;4;9;82;59;23;199;147;7;2;0.00;0.00;0.00;0.00;0.00;0.00;0.00
c-perez;Carles Pérez;7;29;187;152;35;250;173;6;1;0.12;0.00;0.12;0.12;0.00;0.00;0.00
carlos-benavidez;Carlos Benavídez;0;7;39;29;10;151;97;14;1;0.33;0.33;0.00;0.33;0.00;0.00;0.00
c-dominguez;Carlos Domínguez;0;16;62;35;27;623;516;24;0;0.00;0.00;0.00;0.00;0.00;0.00;0.00
carlos-guirao;Carlos Guirao;0;5;17;14;3;45;35;1;0;0.00;0.00;0.00;0.00;0.00;0.00;0.00
carlos-lumbreras;Carlos Lumbreras;0;0;0;0;0;0;0;0;0;0.00;0.00;0.00;0.00;0.00;0.00;0.00
carlos-martin;Carlos Martín;0;26;141;123;18;223;152;2;2;0.18;0.00;0.18;0.00;0.09;0.00;0.00
carlos-romero;Carlos Romero;11;41;135;114;21;410;284;14;1;0.20;0.00;0.20;0.20;0.00;0.00;0.00
carlos-vicente;Carlos Vicente;58;24;249;191;58;499;351;15;3;0.18;0.06;0.12;0.06;0.12;0.00;0.00
catala;José Luis Català Vázquez;0;0;0;0;0;0;0;0;0;0.00;0.00;0.00;0.00;0.00;0.00;0.00
cenk-ozkacar;Cenk Özkacar;0;3;17;7;10;98;77;4;0;0.00;0.00;0.00;0.00;0.00;0.00;0.00
chema-andres;José María Andres Baixauli;0;0;3;1;2;1;1;0;0;0.00;0.00;0.00;0.00;0.00;0.00;0.00
chidera-ejuke;Chidera Ejuke;20;9;112;105;7;293;236;10;2;0.08;0.00;0.08;0.00;0.08;0.00;0.00
chimy-avila;Chimy Ávila;0;7;68;53;15;180;127;11;0;0.13;0.06;0.06;0.06;0.06;0.00;0.00
chiquinho-1;Francisco Jorge Tavares Oliveira;4;1;47;41;6;23;18;0;1;0.00;0.00;0.00;0.00;0.00;0.00;0.00
christantus-uche;Christantus Uche;0;19;394;225;169;384;257;5;1;0.10;0.00;0.10;0.00;0.07;0.03;0.00
ivan-cantalejo;Iván Cantalejo;3;4;28;21;7;45;31;0;0;0.00;0.00;0.00;0.00;0.00;0.00;0.00
lenglet;Clément Lenglet;0;12;101;44;57;805;647;54;0;0.25;0.00;0.25;0.25;0.00;0.00;0.00
coba-da-costa;Coba da Costa;1;16;93;71;22;123;77;2;1;0.13;0.00;0.13;0.00;0.00;0.13;0.00
conor-gallagher;Conor Gallagher;1;29;149;127;22;509;431;8;1;0.20;0.10;0.10;0.00;0.20;0.00;0.00
copete;José Manuel Arias Copete;0;10;62;36;26;418;322;27;1;0.00;0.00;0.00;0.00;0.00;0.00;0.00
cristhian-mosquera;Cristhian Mosquera;0;32;137;77;60;1253;1094;55;0;0.25;0.00;0.25;0.25;0.00;0.00;0.00
stuani;Cristhian Stuani;0;4;44;26;18;69;49;0;0;0.25;0.00;0.25;0.00;0.25;0.00;0.00
cucho;Cucho Hernández;0;1;35;15;20;46;28;4;0;0.00;0.00;0.00;0.00;0.00;0.00;0.00
cyle-larin;Cyle Larin;0;7;208;107;101;212;141;3;0;0.23;0.00;0.23;0.09;0.14;0.00;0.00
bakambu;Cédric Bakambu;0;3;68;37;31;79;51;0;1;0.06;0.00;0.06;0.00;0.00;0.06;0.00
cesar-azpilicueta;César Azpilicueta;0;14;49;31;18;399;341;13;1;0.00;0.00;0.00;0.00;0.00;0.00;0.00
cesar-gonzalez;César Fernández;0;0;0;0;0;0;0;0;0;0.00;0.00;0.00;0.00;0.00;0.00;0.00
cesar-tarrega;César Tárrega;0;29;181;89;92;998;761;57;0;0.22;0.00;0.22;0.00;0.11;0.11;0.00
c-de-la-hoz;César de la Hoz;0;0;0;0;0;0;0;0;0;0.00;0.00;0.00;0.00;0.00;0.00;0.00
daley-blind;Daley Blind;1;30;109;83;26;1518;1284;89;2;0.00;0.00;0.00;0.00;0.00;0.00;0.00
daley-sinkgraven;Daley Sinkgraven;0;5;14;13;1;57;44;1;0;0.00;0.00;0.00;0.00;0.00;0.00;0.00
damian-rodriguez;Damián Rodríguez;22;10;44;41;3;517;449;19;0;0.00;0.00;0.00;0.00;0.00;0.00;0.00
carvajal;Dani Carvajal;0;12;47;35;12;402;342;12;0;0.50;0.00;0.50;0.00;0.50;0.00;0.00
d-ceballos;Dani Ceballos;6;34;95;92;3;928;851;33;3;0.00;0.00;0.00;0.00;0.00;0.00;0.00
cardenas;Dani Cárdenas;0;0;1;0;1;124;36;23;0;0.00;0.00;0.00;0.00;0.00;0.00;0.00
dani-gomez-1;Dani Gómez;0;3;63;32;31;81;60;0;0;0.15;0.08;0.08;0.00;0.15;0.00;0.00
dani-olmo;Dani Olmo;1;14;105;95;10;361;268;17;8;0.29;0.05;0.24;0.10;0.19;0.00;0.00
parejo;Dani Parejo;11;35;126;102;24;1058;872;72;1;0.43;0.00;0.43;0.14;0.29;0.00;0.00
dani-raba;Dani Raba;26;21;176;165;11;309;214;12;7;0.25;0.00;0.25;0.25;0.00;0.00;0.00
daniel-requena;Dani Requena;0;0;0;0;0;0;0;0;0;0.00;0.00;0.00;0.00;0.00;0.00;0.00
dani-rodriguez;Dani Rodríguez;44;32;195;154;41;429;313;17;6;0.25;0.00;0.25;0.06;0.13;0.06;0.00
vivian;Dani Vivian;0;32;148;95;53;1220;978;79;1;0.25;0.00;0.25;0.00;0.25;0.00;0.00
daniel-luna;Daniel Luna;1;0;3;3;0;9;7;0;0;0.00;0.00;0.00;0.00;0.00;0.00;0.00
daniel-yanez;Daniel Yáñez;0;0;1;1;0;0;0;0;0;0.00;0.00;0.00;0.00;0.00;0.00;0.00
daouda-doumbia;Daouda Doumbia;0;0;0;0;0;0;0;0;0;0.00;0.00;0.00;0.00;0.00;0.00;0.00
darko;Darko Brasanac;0;23;124;73;51;377;282;9;1;0.14;0.00;0.14;0.00;0.14;0.00;0.00
d-machis;Darwin Machís;15;4;26;22;4;124;81;5;0;0.00;0.00;0.00;0.00;0.00;0.00;0.00
dario-benavides;Darío Benavides;0;0;0;0;0;0;0;0;0;0.00;0.00;0.00;0.00;0.00;0.00;0.00
david-alaba;David Alaba;0;0;0;0;0;82;73;3;0;0.00;0.00;0.00;0.00;0.00;0.00;0.00
david-2;David Argüelles;0;0;0;0;0;5;3;0;0;0.00;0.00;0.00;0.00;0.00;0.00;0.00
david-jimenez-1;David Jiménez;0;0;0;0;0;0;0;0;0;0.00;0.00;0.00;0.00;0.00;0.00;0.00
david-lopez;David López;0;24;117;65;52;1607;1403;70;0;0.13;0.00;0.13;0.13;0.00;0.00;0.00
david-lopez-4;David López;0;0;0;0;0;0;0;0;0;0.00;0.00;0.00;0.00;0.00;0.00;0.00
david-otorbi;David Otorbi;0;0;0;0;0;4;2;0;0;0.00;0.00;0.00;0.00;0.00;0.00;0.00
david-soria;David Soria;0;4;11;5;6;615;97;205;0;0.00;0.00;0.00;0.00;0.00;0.00;0.00
david-torres-1;David Torres;0;13;73;36;37;638;502;30;0;0.00;0.00;0.00;0.00;0.00;0.00;0.00
dawda-camara;Dawda Camara;0;0;0;0;0;0;0;0;0;0.00;0.00;0.00;0.00;0.00;0.00;0.00
denis-suarez;Denis Suárez;7;5;33;27;6;125;95;5;0;0.17;0.00;0.17;0.00;0.17;0.00;0.00
diego-aguado;Diego Aguado;0;0;0;0;0;0;0;0;0;0.00;0.00;0.00;0.00;0.00;0.00;0.00
diego-conde;Diego Conde;0;2;6;4;2;469;275;79;0;0.00;0.00;0.00;0.00;0.00;0.00;0.00
diego-ferrer;Diego Ferrer;0;0;0;0;0;0;0;0;0;0.00;0.00;0.00;0.00;0.00;0.00;0.00
diego-garcia-2;Diego García;0;0;102;37;65;98;62;4;0;0.10;0.00;0.10;0.00;0.10;0.00;0.00
diego-hormigo;Diego Hormigo;0;0;0;0;0;0;0;0;0;0.00;0.00;0.00;0.00;0.00;0.00;0.00
diego-kochen;Diego Kochen;0;0;0;0;0;0;0;0;0;0.00;0.00;0.00;0.00;0.00;0.00;0.00
llorente-r;Diego Llorente;0;30;193;81;112;1342;1078;77;0;0.20;0.00;0.20;0.00;0.00;0.20;0.00
diego-lopez-noguerol;Diego López;0;20;199;143;56;522;372;16;3;0.16;0.00;0.16;0.00;0.11;0.05;0.00
diego-mendez;Diego Méndez;0;0;0;0;0;0;0;0;0;0.00;0.00;0.00;0.00;0.00;0.00;0.00
rico;Diego Rico;11;61;209;171;38;692;432;35;0;0.00;0.00;0.00;0.00;0.00;0.00;0.00
foulquier;Dimitri Foulquier;0;32;130;111;19;623;475;21;0;0.00;0.00;0.00;0.00;0.00;0.00;0.00
dimitrios-stamatakis;Dimitrios Stamatakis;0;0;0;0;0;0;0;0;0;0.00;0.00;0.00;0.00;0.00;0.00;0.00
dinko-horkas;Dinko Horkas;0;0;1;1;0;87;61;13;0;0.00;0.00;0.00;0.00;0.00;0.00;0.00
djene;Djené Dakonam;0;11;162;96;66;606;426;41;0;0.00;0.00;0.00;0.00;0.00;0.00;0.00
djibril-sow;Djibril Sow;2;10;118;80;38;657;566;14;0;0.13;0.00;0.13;0.00;0.13;0.00;0.00
djordjije-medenica;Djordjije Medenica;0;0;0;0;0;0;0;0;0;0.00;0.00;0.00;0.00;0.00;0.00;0.00
dodi-lukebakio;Dodi Lukébakio;46;17;279;257;22;627;497;18;5;0.19;0.02;0.17;0.15;0.04;0.00;0.00
domingos-d;Domingos de Sousa Coutinho Meneses Duarte;0;11;55;29;26;323;224;30;0;0.00;0.00;0.00;0.00;0.00;0.00;0.00
dominik-greif;Dominik Greif;0;0;12;2;10;609;259;152;0;0.00;0.00;0.00;0.00;0.00;0.00;0.00
donny-van-de-beek;Donny van de Beek;0;27;108;91;17;383;317;9;2;0.29;0.14;0.14;0.14;0.14;0.00;0.00
duk;Luís Henriques de Barros Lopes;0;4;16;16;0;16;10;0;0;0.00;0.00;0.00;0.00;0.00;0.00;0.00
dario-essugo;Dário Cassia Luís Essugo;0;37;155;119;36;619;506;30;4;0.11;0.11;0.00;0.00;0.11;0.00;0.00
edu-exposito;Edu Expósito;6;5;33;27;6;54;31;3;1;0.00;0.00;0.00;0.00;0.00;0.00;0.00
eduardo-camavinga;Eduardo Camavinga;0;25;95;76;19;463;397;16;2;0.00;0.00;0.00;0.00;0.00;0.00;0.00
egoitz-arana;Egoitz Arana;0;0;0;0;0;0;0;0;0;0.00;0.00;0.00;0.00;0.00;0.00;0.00
egoitz-munoz;Egoitz Muñoz;0;0;0;0;0;0;0;0;0;0.00;0.00;0.00;0.00;0.00;0.00;0.00
elias-romero;Elías Romero;0;0;0;0;0;0;0;0;0;0.00;0.00;0.00;0.00;0.00;0.00;0.00
endika-bujan;Endika Bujan;0;0;3;3;0;4;4;0;0;0.00;0.00;0.00;0.00;0.00;0.00;0.00
endrick;Endrick Felipe Moreira de Sousa;0;0;24;18;6;34;27;1;0;0.13;0.00;0.13;0.00;0.13;0.00;0.00
eneko-ortiz;Eneko Ortiz;0;0;0;0;0;0;0;0;0;0.00;0.00;0.00;0.00;0.00;0.00;0.00
franquesa;Enric Franquesa;0;17;63;53;10;163;112;7;0;0.33;0.00;0.33;0.33;0.00;0.00;0.00
enric-garcia;Enric García;0;0;0;0;0;0;0;0;0;0.00;0.00;0.00;0.00;0.00;0.00;0.00
enzo-barrenechea;Enzo Barrenechea;0;33;131;96;35;709;568;40;1;0.14;0.00;0.14;0.14;0.00;0.00;0.00
boyomo;Enzo Boyomo;0;50;163;109;54;1065;880;48;2;0.29;0.00;0.29;0.00;0.29;0.00;0.00
loiodice;Enzo Loiodice;5;11;60;49;11;308;254;9;0;0.00;0.00;0.00;0.00;0.00;0.00;0.00
eray-ervin-cumart;Eray Cömert;0;15;77;45;32;518;402;41;0;0.00;0.00;0.00;0.00;0.00;0.00;0.00
eric-bailly;Eric Bailly;0;11;41;23;18;297;247;13;0;0.00;0.00;0.00;0.00;0.00;0.00;0.00
eric-garcia;Eric García;0;19;80;42;38;654;586;19;1;0.14;0.00;0.14;0.00;0.00;0.14;0.00
etienne-etoo-pineda;Etienne Eto'o Pineda;0;0;2;1;1;2;1;0;0;0.00;0.00;0.00;0.00;0.00;0.00;0.00
etta-eyong;Karl Edouard Blaise Etta Eyong;0;0;0;0;0;0;0;0;0;0.00;0.00;0.00;0.00;0.00;0.00;0.00
fabio;Fabio González;0;0;3;2;1;52;40;3;0;0.00;0.00;0.00;0.00;0.00;0.00;0.00
facundo-garces;Facundo Garcés;0;0;0;0;0;0;0;0;0;0.00;0.00;0.00;0.00;0.00;0.00;0.00
valverde-1;Federico Valverde;3;32;111;79;32;1505;1264;98;2;0.20;0.20;0.00;0.00;0.20;0.00;0.04
f-mendy;Ferland Mendy;0;16;45;39;6;568;518;17;0;0.00;0.00;0.00;0.00;0.00;0.00;0.00
fermin-lopez;Fermín López;6;9;94;73;21;280;229;10;2;0.23;0.00;0.23;0.00;0.15;0.08;0.00
calero;Fernando Calero;0;7;29;15;14;160;117;17;0;0.50;0.00;0.50;0.00;0.00;0.50;0.00
fernando-lopez;Fernando López;0;4;32;31;1;71;60;2;3;0.00;0.00;0.00;0.00;0.00;0.00;0.00
pacheco-2;Fernando Pacheco;0;0;0;0;0;0;0;0;0;0.00;0.00;0.00;0.00;0.00;0.00;0.00
ferran;Ferran Torres;6;5;43;36;7;194;145;3;1;0.26;0.00;0.26;0.05;0.21;0.00;0.00
ferran-ruiz;Ferrán Ruiz Martí;0;0;1;0;1;6;3;0;0;0.00;0.00;0.00;0.00;0.00;0.00;0.00
florian-grillitsch;Florian Grillitsch;0;0;11;11;0;34;23;4;2;0.00;0.00;0.00;0.00;0.00;0.00;0.00
lejeune;Florian Lejeune;0;28;187;93;94;1312;970;115;0;0.00;0.00;0.00;0.00;0.00;0.00;0.00
fran-beltran;Fran Beltrán;0;29;133;99;34;930;780;48;3;0.22;0.22;0.00;0.00;0.22;0.00;0.00
fran-garcia-1;Fran García;0;20;83;68;15;719;629;19;0;0.00;0.00;0.00;0.00;0.00;0.00;0.00
francisco-gonzalez;Francisco Javier González Pérez;0;0;0;0;0;0;0;0;0;0.00;0.00;0.00;0.00;0.00;0.00;0.00
francisco-martinez-1;Fran Pérez;1;4;35;31;4;110;90;5;1;0.00;0.00;0.00;0.00;0.00;0.00;0.00
f-vieites;Francisco Barbosa Vieites;0;0;3;1;2;103;42;18;0;0.00;0.00;0.00;0.00;0.00;0.00;0.00
franco-cervi;Franco Cervi;2;8;27;19;8;107;68;3;2;0.00;0.00;0.00;0.00;0.00;0.00;0.00
f-de-jong;Frenkie de Jong;0;6;48;39;9;477;439;11;3;0.67;0.00;0.67;0.33;0.33;0.00;0.00
fabio-silva;Fábio Daniel Soares Silva;0;7;188;119;69;298;189;7;2;0.20;0.00;0.20;0.03;0.14;0.03;0.00
gabriel-misehouy;Gabriel Misehouy;3;1;28;25;3;87;80;0;0;0.25;0.00;0.25;0.00;0.25;0.00;0.00
garcia-pascual;Álvaro Miguel García Pascual;0;1;10;5;5;13;9;1;0;0.00;0.00;0.00;0.00;0.00;0.00;0.00
gavi;Pablo Páez Gavira;0;11;72;54;18;226;186;6;1;0.00;0.00;0.00;0.00;0.00;0.00;0.00
gumbau;Gerard Gumbau;17;14;69;44;25;209;148;10;0;0.00;0.00;0.00;0.00;0.00;0.00;0.00
gerard-2;Gerard Martín;0;13;37;28;9;258;208;5;1;0.00;0.00;0.00;0.00;0.00;0.00;0.00
gerard;Gerard Moreno;0;7;74;55;19;230;168;15;1;0.14;0.00;0.14;0.14;0.00;0.00;0.00
german-garcia;Germán García;0;0;0;0;0;0;0;0;0;0.00;0.00;0.00;0.00;0.00;0.00;0.00
german-valera;Germán Valera;0;1;18;15;3;40;33;0;0;0.00;0.00;0.00;0.00;0.00;0.00;0.00
geronimo-spina;Gerónimo Spina;0;0;0;0;0;0;0;0;0;0.00;0.00;0.00;0.00;0.00;0.00;0.00
giorgi-mamardashvili;Giorgi Mamardashvili;0;0;6;2;4;576;253;109;0;0.00;0.00;0.00;0.00;0.00;0.00;0.00
lo-celso;Giovani Lo Celso;52;29;159;145;14;593;459;34;8;0.28;0.12;0.16;0.28;0.00;0.00;0.04
giuliano-simeone;Giuliano Simeone;1;12;113;91;22;429;340;1;1;0.10;0.00;0.10;0.00;0.10;0.00;0.00
gonzalo-garcia-1;Gonzalo García;0;0;0;0;0;0;0;0;0;0.00;0.00;0.00;0.00;0.00;0.00;0.00
gonzalo-montiel;Gonzalo Montiel;1;4;10;9;1;64;55;4;0;0.00;0.00;0.00;0.00;0.00;0.00;0.00
guruzeta;Gorka Guruzeta;0;10;169;97;72;266;196;7;0;0.19;0.00;0.19;0.00;0.13;0.06;0.00
gorka-rivera;Gorka Rivera;0;2;6;5;1;6;2;0;0;0.00;0.00;0.00;0.00;0.00;0.00;0.00
gregoire-swiderski;Grégoire Swiderski;0;0;0;0;0;0;0;0;0;0.00;0.00;0.00;0.00;0.00;0.00;0.00
guilherme-fernandes;Guilherme Sousa Carvalho Fernandes;0;0;0;0;0;0;0;0;0;0.00;0.00;0.00;0.00;0.00;0.00;0.00
guille-fernandez;Guille Fernández;0;0;0;0;0;0;0;0;0;0.00;0.00;0.00;0.00;0.00;0.00;0.00
guillem-trilla;Guillem Trilla;0;0;0;0;0;0;0;0;0;0.00;0.00;0.00;0.00;0.00;0.00;0.00
guillermo-ruiz;Guillermo Ruiz;0;0;0;0;0;0;0;0;0;0.00;0.00;0.00;0.00;0.00;0.00;0.00
hamari-traore;Hamari Traoré;0;11;35;24;11;154;118;9;0;0.00;0.00;0.00;0.00;0.00;0.00;0.00
horatiu-moldovan;Horatiu Moldovan;0;0;0;0;0;0;0;0;0;0.00;0.00;0.00;0.00;0.00;0.00;0.00
hugo-duro;Hugo Duro;0;12;259;128;131;329;233;4;0;0.25;0.00;0.25;0.18;0.04;0.04;0.00
hugo-g;Hugo Guillamón;0;11;36;27;9;186;144;9;0;0.00;0.00;0.00;0.00;0.00;0.00;0.00
hugo-novoa;Hugo Novoa;0;8;30;21;9;52;38;3;0;0.00;0.00;0.00;0.00;0.00;0.00;0.00
hugo-sotelo;Hugo Sotelo;31;22;90;81;9;788;646;50;2;0.00;0.00;0.00;0.00;0.00;0.00;0.00
hugo-alvarez-1;Hugo Álvarez;10;23;152;141;11;739;569;15;0;0.29;0.00;0.29;0.07;0.21;0.00;0.00
hector-bellerin;Héctor Bellerín;0;12;47;33;14;253;197;12;2;0.00;0.00;0.00;0.00;0.00;0.00;0.00
hector-fort;Héctor Fort;0;8;30;22;8;243;216;5;0;0.00;0.00;0.00;0.00;0.00;0.00;0.00
iago-aspas;Iago Aspas;2;11;106;93;13;600;416;36;14;0.24;0.03;0.21;0.24;0.00;0.00;0.00
zubeldia;Igor Zubeldia;0;27;195;74;121;1083;884;51;2;0.00;0.00;0.00;0.00;0.00;0.00;0.00
iker-almena;Iker Almena;0;0;5;5;0;26;21;0;0;0.00;0.00;0.00;0.00;0.00;0.00;0.00
iker-bachiller;Iker Bachiller;0;0;0;0;0;0;0;0;0;0.00;0.00;0.00;0.00;0.00;0.00;0.00
iker-benito;Iker Benito;0;0;5;4;1;11;9;0;0;0.00;0.00;0.00;0.00;0.00;0.00;0.00
iker-cordoba;Iker Córdoba;0;0;1;0;1;10;8;0;0;0.00;0.00;0.00;0.00;0.00;0.00;0.00
losada;Iker Losada;0;13;50;41;9;193;150;2;2;0.00;0.00;0.00;0.00;0.00;0.00;0.00
iker-munoz;Iker Muñoz;0;4;41;23;18;180;131;8;1;0.00;0.00;0.00;0.00;0.00;0.00;0.00
iker-alvarez;Iker Álvarez;0;0;0;0;0;0;0;0;0;0.00;0.00;0.00;0.00;0.00;0.00;0.00
ilaix;Moriba Kourouma Kourouma;0;37;177;140;37;645;541;29;3;0.00;0.00;0.00;0.00;0.00;0.00;0.00
ilias-akhomach;Ilias Akhomach;3;12;105;92;13;164;124;7;1;0.07;0.00;0.07;0.07;0.00;0.00;0.00
ilias-kostis;Ilias Kostis;0;0;0;0;0;0;0;0;0;0.00;0.00;0.00;0.00;0.00;0.00;0.00
irvin-cardona;Irvin Cardona;0;8;68;48;20;142;90;3;1;0.11;0.11;0.00;0.00;0.11;0.00;0.00
isaac-romero;Isaac Romero;0;9;230;164;66;328;231;12;1;0.09;0.03;0.06;0.06;0.00;0.03;0.00
isco;Francisco Román Alarcón Suárez;24;10;116;94;22;411;325;24;2;0.57;0.00;0.57;0.00;0.57;0.00;0.00
isi-2;Isi Palazón;59;20;218;182;36;598;471;23;8;0.12;0.04;0.08;0.12;0.00;0.00;0.00
ismael-bekhoucha;Ismael Bekhoucha;0;0;0;0;0;2;0;0;0;0.00;0.00;0.00;0.00;0.00;0.00;0.00
israel-dominguez;Israel Domínguez;0;0;2;1;1;1;1;0;0;0.00;0.00;0.00;0.00;0.00;0.00;0.00
israel-mora;Israel Mora;0;0;0;0;0;0;0;0;0;0.00;0.00;0.00;0.00;0.00;0.00;0.00
balliu;Iván Balliu;0;10;64;36;28;262;186;11;0;0.00;0.00;0.00;0.00;0.00;0.00;0.00
cuellar;Iván Cuéllar;0;0;0;0;0;0;0;0;0;0.00;0.00;0.00;0.00;0.00;0.00;0.00
ivan-gil;Iván Gil;0;0;0;0;0;0;0;0;0;0.00;0.00;0.00;0.00;0.00;0.00;0.00
ivan-jaime;Iván Jaime;3;3;23;19;4;59;50;2;0;0.00;0.00;0.00;0.00;0.00;0.00;0.00
ivan-martin;Iván Martín;0;24;127;113;14;1051;932;26;1;1.00;0.00;1.00;0.00;1.00;0.00;0.00
i-sanchez;Iván Sánchez Aguayo;10;21;117;98;19;251;180;22;2;0.20;0.20;0.00;0.20;0.00;0.00;0.00
ivan-villar;Iván Villar;0;0;2;0;2;102;75;5;0;0.00;0.00;0.00;0.00;0.00;0.00;0.00
inaki-pena;Ignacio Peña Sotorres;0;0;3;2;1;514;406;41;0;0.00;0.00;0.00;0.00;0.00;0.00;0.00
inaki-ruperez;Iñaki Rupérez;0;0;0;0;0;0;0;0;0;0.00;0.00;0.00;0.00;0.00;0.00;0.00
williams;Iñaki Williams;0;15;210;167;43;522;351;6;5;0.13;0.00;0.13;0.05;0.08;0.00;0.00
inigo-arguibide;Iñigo Arguibide;0;0;0;0;0;0;0;0;0;0.00;0.00;0.00;0.00;0.00;0.00;0.00
i-martinez;Íñigo Martínez;0;17;121;52;69;1774;1517;100;1;0.00;0.00;0.00;0.00;0.00;0.00;0.00
jackson-porozo;Jackson Porozo;0;0;0;0;0;0;0;0;0;0.00;0.00;0.00;0.00;0.00;0.00;0.00
jacobo-ramon;Jacobo Ramón;0;0;0;0;0;0;0;0;0;0.00;0.00;0.00;0.00;0.00;0.00;0.00
jailson;Jailson Marques Siqueira;0;7;40;23;17;354;310;8;0;0.00;0.00;0.00;0.00;0.00;0.00;0.00
mata;Jaime Mata;0;5;75;37;38;116;80;4;0;0.00;0.00;0.00;0.00;0.00;0.00;0.00
james-1;James Rodríguez;6;3;20;15;5;83;65;9;1;0.00;0.00;0.00;0.00;0.00;0.00;0.00
oblak;Jan Oblak;0;0;5;2;3;517;280;101;0;0.00;0.00;0.00;0.00;0.00;0.00;0.00
jan-salas;Jan Salas;0;1;4;3;1;15;12;0;0;0.00;0.00;0.00;0.00;0.00;0.00;0.00
cillessen;Jasper Cillessen;0;1;10;5;5;748;364;119;0;0.00;0.00;0.00;0.00;0.00;0.00;0.00
jastin-garcia;Antonino Jastin García López;0;0;0;0;0;0;0;0;0;0.00;0.00;0.00;0.00;0.00;0.00;0.00
domenech;Jaume Domènech;0;0;0;0;0;0;0;0;0;0.00;0.00;0.00;0.00;0.00;0.00;0.00
javi-galan;Javi Galán;0;32;166;135;31;466;388;11;1;0.00;0.00;0.00;0.00;0.00;0.00;0.00
javier-guerra;Javi Guerra;12;37;205;181;24;709;534;31;3;0.07;0.00;0.07;0.00;0.07;0.00;0.00
javi-hdez;Javi Hernández;0;20;132;105;27;418;295;17;1;0.00;0.00;0.00;0.00;0.00;0.00;0.00
javi-llabres;Javi Llabrés;0;0;4;3;1;20;18;1;0;0.00;0.00;0.00;0.00;0.00;0.00;0.00
javi-lopez-4;Javi López;0;24;124;103;21;502;402;24;0;0.00;0.00;0.00;0.00;0.00;0.00;0.00
javi-martinez-2;Javi Martínez;0;0;0;0;0;9;9;0;0;0.00;0.00;0.00;0.00;0.00;0.00;0.00
javi-munoz;Javi Muñoz;1;36;161;132;29;787;589;41;2;0.00;0.00;0.00;0.00;0.00;0.00;0.00
puado;Javi Puado;1;15;136;107;29;409;304;10;4;0.22;0.03;0.19;0.06;0.11;0.06;0.00
javier-rodriguez-1;Javi Rodríguez;0;39;141;90;51;1073;880;45;2;0.29;0.00;0.29;0.00;0.29;0.00;0.00
javier-serrano;Javi Serrano;0;0;0;0;0;0;0;0;0;0.00;0.00;0.00;0.00;0.00;0.00;0.00
javi-sanchez-1;Javi Sánchez de Felipe;0;20;101;44;57;775;620;47;0;0.20;0.20;0.00;0.00;0.20;0.00;0.20
manquillo;Javier Manquillo;0;7;39;25;14;364;327;2;1;0.00;0.00;0.00;0.00;0.00;0.00;0.00
javier-marton;Javier Martón;0;0;4;1;3;7;6;0;0;0.00;0.00;0.00;0.00;0.00;0.00;0.00
areso;Jesús Areso;0;33;152;128;24;659;495;29;0;0.00;0.00;0.00;0.00;0.00;0.00;0.00
j-navas;Jesús Navas;1;5;32;21;11;209;166;8;0;0.33;0.00;0.33;0.00;0.33;0.00;0.00
jesus-owono;Jesús Owono;0;1;4;3;1;129;28;44;1;0.00;0.00;0.00;0.00;0.00;0.00;0.00
jesus-rodriguez;Jesús Rodriguez;3;11;114;106;8;143;106;2;0;0.11;0.11;0.00;0.00;0.11;0.00;0.00
vallejo;Jesús Vallejo;0;0;1;0;1;14;12;0;0;0.00;0.00;0.00;0.00;0.00;0.00;0.00
j-vazquez-1;Jesús Vázquez;0;16;90;72;18;239;175;6;0;0.00;0.00;0.00;0.00;0.00;0.00;0.00
jhon-solis;Jhon Solís;0;8;52;46;6;240;215;4;1;1.00;0.00;1.00;0.00;1.00;0.00;0.00
jiri-letacek;Jirí Letácek;0;0;0;0;0;0;0;0;0;0.00;0.00;0.00;0.00;0.00;0.00;0.00
j-garcia;Joan García;0;0;16;3;13;660;286;147;0;0.00;0.00;0.00;0.00;0.00;0.00;0.00
jordan;Joan Jordán;28;20;75;58;17;435;301;34;0;0.40;0.10;0.30;0.00;0.40;0.00;0.00
joaquin-panichelli;Joaquín Panichelli;0;0;0;0;0;0;0;0;0;0.00;0.00;0.00;0.00;0.00;0.00;0.00
casals;Joel Roca;0;0;0;0;0;0;0;0;0;0.00;0.00;0.00;0.00;0.00;0.00;0.00
j-carreras;Jofre Carreras;1;16;185;173;12;307;217;8;1;0.10;0.10;0.00;0.00;0.10;0.00;0.00
j-mojica;Johan Mojica;1;27;159;142;17;788;557;59;1;0.10;0.00;0.10;0.10;0.00;0.00;0.00
j-patrick;John Patrick;0;0;13;9;4;20;16;0;0;0.00;0.00;0.00;0.00;0.00;0.00;0.00
joao-cardoso;Johnny Cardoso;0;31;163;134;29;681;555;22;2;0.00;0.00;0.00;0.00;0.00;0.00;0.00
jon-aramburu;Jon Aramburu;0;76;248;189;59;836;655;18;0;0.00;0.00;0.00;0.00;0.00;0.00;0.00
jon-balda;Jon Balda;0;0;0;0;0;0;0;0;0;0.00;0.00;0.00;0.00;0.00;0.00;0.00
guridi;Jon Guridi;5;25;158;100;58;502;378;18;1;0.14;0.00;0.14;0.07;0.07;0.00;0.00
jon-magunacelaya;Jon Magunazelaia;0;1;6;3;3;13;7;0;1;0.00;0.00;0.00;0.00;0.00;0.00;0.00
jon-martin;Jon Martín;0;1;24;8;16;93;70;3;0;0.00;0.00;0.00;0.00;0.00;0.00;0.00
moncayola;Jon Moncayola;39;44;135;112;23;665;490;36;1;0.00;0.00;0.00;0.00;0.00;0.00;0.00
jon-ander-olasagasti;Jon Olasagasti;4;12;59;37;22;224;162;9;0;0.25;0.00;0.25;0.25;0.00;0.00;0.00
pacheco-3;Jon Pacheco;0;10;60;30;30;378;295;23;0;0.00;0.00;0.00;0.00;0.00;0.00;0.00
jonathan-bamba;Jonathan Bamba;1;12;104;88;16;325;263;6;3;0.00;0.00;0.00;0.00;0.00;0.00;0.00
jones-el-abdellaoui;Jones El Abdellaoui;0;0;0;0;0;0;0;0;0;0.00;0.00;0.00;0.00;0.00;0.00;0.00
joni-montiel;Joni Montiel;0;0;0;0;0;0;0;0;0;0.00;0.00;0.00;0.00;0.00;0.00;0.00
jorge-benito;Jorge Benito;0;0;0;0;0;0;0;0;0;0.00;0.00;0.00;0.00;0.00;0.00;0.00
herrando;Jorge Herrando;0;8;45;21;24;409;331;10;0;0.00;0.00;0.00;0.00;0.00;0.00;0.00
jorge-saenz;Jorge Sáenz;0;20;89;48;41;478;365;36;0;0.50;0.00;0.50;0.00;0.50;0.00;0.00
de-frutos-1;Jorge de Frutos;0;25;210;185;25;431;311;6;2;0.13;0.00;0.13;0.00;0.13;0.00;0.00
aidoo-jr;Joseph Aidoo;0;4;9;7;2;170;137;7;0;0.00;0.00;0.00;0.00;0.00;0.00;0.00
jose-arnaiz;José Arnáiz;3;3;15;13;2;30;22;2;0;0.00;0.00;0.00;0.00;0.00;0.00;0.00
j-g-campana;José Campaña;14;13;68;52;16;531;445;29;2;0.00;0.00;0.00;0.00;0.00;0.00;0.00
gaya;José Gayà;0;31;90;78;12;385;279;28;1;0.00;0.00;0.00;0.00;0.00;0.00;0.00
gragera;José Gragera;0;25;79;63;16;216;184;6;0;0.00;0.00;0.00;0.00;0.00;0.00;0.00
j-m-gimenez;José Giménez;0;19;98;49;49;915;760;75;1;0.00;0.00;0.00;0.00;0.00;0.00;0.00
jose-angel-carmona;José Ángel Carmona;0;57;217;175;42;1070;860;30;1;0.00;0.00;0.00;0.00;0.00;0.00;0.00
jose-angel-lopez;José Ángel López;0;0;0;0;0;0;0;0;0;0.00;0.00;0.00;0.00;0.00;0.00;0.00
joao-urbaez;João Urbáez;0;0;0;0;0;0;0;0;0;0.00;0.00;0.00;0.00;0.00;0.00;0.00
juan-bernat;Juan Bernat;2;14;51;36;15;121;96;0;0;0.00;0.00;0.00;0.00;0.00;0.00;0.00
j-berrocal;Juan Berrocal;0;11;63;26;37;272;186;20;0;0.00;0.00;0.00;0.00;0.00;0.00;0.00
juan-carlos-1;Juan Carlos Martín Corral;0;0;0;0;0;0;0;0;0;0.00;0.00;0.00;0.00;0.00;0.00;0.00
juan-cruz;Juan Cruz;14;20;142;125;17;383;265;16;5;0.19;0.10;0.10;0.19;0.00;0.00;0.00
juan-cruz-1;Juan Cruz Álvaro Armada;0;14;48;39;9;318;242;11;0;0.00;0.00;0.00;0.00;0.00;0.00;0.00
foyth;Juan Foyth;0;10;50;22;28;310;254;17;0;0.00;0.00;0.00;0.00;0.00;0.00;0.00
juan-herzog;Juan Herzog;0;7;39;12;27;304;241;19;0;0.00;0.00;0.00;0.00;0.00;0.00;0.00
iglesias;Juan Iglesias;0;59;240;186;54;545;282;42;0;0.00;0.00;0.00;0.00;0.00;0.00;0.00
juan-musso;Juan Musso;0;0;1;0;1;23;17;1;0;0.00;0.00;0.00;0.00;0.00;0.00;0.00
juan-soriano;Juan Soriano;0;1;4;4;0;165;42;36;0;0.00;0.00;0.00;0.00;0.00;0.00;0.00
juanlu-1;Juanlu Sánchez;0;22;88;63;25;325;277;2;0;0.40;0.00;0.40;0.10;0.30;0.00;0.00
juanmi;Juan Miguel Jiménez López;0;14;68;54;14;133;97;2;0;0.00;0.00;0.00;0.00;0.00;0.00;0.00
juan-latasa;Juanmi Latasa;0;1;135;52;83;120;68;2;0;0.00;0.00;0.00;0.00;0.00;0.00;0.00
juanpe-rl;Juan Pedro Ramírez López;0;8;42;16;26;481;388;34;0;0.00;0.00;0.00;0.00;0.00;0.00;0.00
juanpe-1;Juan Pedro Gil Bueno;0;0;0;0;0;0;0;0;0;0.00;0.00;0.00;0.00;0.00;0.00;0.00
jude-bellingham;Jude Bellingham;1;35;203;170;33;1040;871;44;12;0.23;0.00;0.23;0.03;0.13;0.06;0.00
julen-agirrezabala;Julen Agirrezabala;0;0;10;5;5;356;162;69;0;0.00;0.00;0.00;0.00;0.00;0.00;0.00
julen-lartitegi;Julen Lartitegi;0;0;0;0;0;0;0;0;0;0.00;0.00;0.00;0.00;0.00;0.00;0.00
kounde;Jules Koundé;0;49;187;145;42;1280;1086;41;5;0.17;0.00;0.17;0.08;0.08;0.00;0.00
julian-alvarez;Julián Álvarez;16;17;157;121;36;588;434;20;5;0.23;0.00;0.23;0.08;0.13;0.03;0.00
julian-chicco;Julián Chicco;0;8;28;20;8;86;66;3;0;0.00;0.00;0.00;0.00;0.00;0.00;0.00
juma-bah;Abdulai Juma Bah;0;10;77;33;44;405;307;23;0;0.00;0.00;0.00;0.00;0.00;0.00;0.00
justin-smith;Justin Smith;0;9;25;21;4;59;40;0;0;0.00;0.00;0.00;0.00;0.00;0.00;0.00
karl-hein;Karl Hein;0;0;10;3;7;848;441;158;0;0.00;0.00;0.00;0.00;0.00;0.00;0.00
kelechi-iheanacho;Kelechi Iheanacho;0;1;27;17;10;79;58;1;0;0.00;0.00;0.00;0.00;0.00;0.00;0.00
kenedy;Robert Kenedy Nunes do Nascimento;0;0;2;2;0;2;1;0;0;0.00;0.00;0.00;0.00;0.00;0.00;0.00
kike-barja;Kike Barja;4;3;32;25;7;51;40;0;0;0.00;0.00;0.00;0.00;0.00;0.00;0.00
kike-g;Kike García;0;9;255;116;139;360;232;13;4;0.34;0.00;0.34;0.14;0.10;0.10;0.00
kike-1;Kike Pérez;18;37;161;133;28;521;394;34;2;0.14;0.00;0.14;0.07;0.07;0.00;0.00
kike-salas;Kike Salas;0;26;116;57;59;809;619;31;0;0.10;0.00;0.10;0.10;0.00;0.00;0.00
kiko-femenia;Kiko Femenía;0;37;124;110;14;974;841;37;1;0.00;0.00;0.00;0.00;0.00;0.00;0.00
kim-min-su;Min-Su Kim;0;1;6;5;1;10;9;0;0;0.00;0.00;0.00;0.00;0.00;0.00;0.00
kirian;Kirian Rodríguez;6;33;139;109;30;1177;978;44;8;0.00;0.00;0.00;0.00;0.00;0.00;0.00
koke-5;Jorge Iglesias González;0;0;0;0;0;0;0;0;0;0.00;0.00;0.00;0.00;0.00;0.00;0.00
koke;Jorge Resurrección Merodio;4;37;120;103;17;1086;911;45;2;0.17;0.00;0.17;0.00;0.17;0.00;0.00
kylian-mbappe-lottin;Kylian Mbappé;4;8;209;204;5;748;609;34;4;0.22;0.04;0.18;0.01;0.20;0.00;0.00
ladislav-krejci-ii;Ladislav Krejcí;0;15;91;52;39;1273;1112;45;0;0.25;0.13;0.13;0.25;0.00;0.00;0.00
gonzalo-aguilar;Lalo Aguilar;0;0;0;0;0;0;0;0;0;0.00;0.00;0.00;0.00;0.00;0.00;0.00
lamine-yamal;Lamine Yamal Nasraoui Ebana;5;27;293;292;1;737;550;18;16;0.09;0.04;0.06;0.08;0.02;0.00;0.00
leandro-antonetti;Leandro Antonetti;0;0;0;0;0;1;1;0;0;0.00;0.00;0.00;0.00;0.00;0.00;0.00
cabrera;Leandro Cabrera;0;30;145;61;84;886;580;75;1;0.29;0.00;0.29;0.14;0.00;0.14;0.00
leo-1;Leo Román;0;0;1;1;0;158;45;47;0;0.00;0.00;0.00;0.00;0.00;0.00;0.00
llorenc-serred;Llorenç Serred;0;0;0;0;0;0;0;0;0;0.00;0.00;0.00;0.00;0.00;0.00;0.00
logan-costa;Logan Evans Costa;0;25;86;39;47;916;736;62;1;0.22;0.00;0.22;0.00;0.00;0.22;0.00
lorenzo-aguado-herrera;Lorenzo Aguado Herrera;0;0;1;1;0;0;0;0;0;0.00;0.00;0.00;0.00;0.00;0.00;0.00
loic-bade;Loïc Badé;0;38;148;83;65;1220;971;79;1;0.10;0.10;0.00;0.00;0.10;0.00;0.00
luca-lohr;Luca Löhr;0;0;0;0;0;0;0;0;0;0.00;0.00;0.00;0.00;0.00;0.00;0.00
luca-de-la-torre;Luca de la Torre;0;0;3;2;1;5;4;0;0;0.00;0.00;0.00;0.00;0.00;0.00;0.00
lucas-alcazar-moreno;Lucas Alcázar;0;0;0;0;0;0;0;0;0;0.00;0.00;0.00;0.00;0.00;0.00;0.00
lucas-garcia;Lucas García Madrigal;0;0;0;0;0;0;0;0;0;0.00;0.00;0.00;0.00;0.00;0.00;0.00
l-ocampos;Lucas Ocampos;1;3;25;18;7;82;56;4;0;0.00;0.00;0.00;0.00;0.00;0.00;0.00
lucas-rosa;Lucas Oliveira Rosa;0;53;188;160;28;642;492;22;4;0.00;0.00;0.00;0.00;0.00;0.00;0.00
torro;Lucas Torró;0;47;327;174;153;926;657;46;0;0.27;0.00;0.27;0.00;0.18;0.09;0.00
lucas-v;Lucas Vázquez;14;35;127;114;13;895;785;25;1;0.14;0.00;0.14;0.14;0.00;0.00;0.00
lucien-agoume;Lucien Agoumé;0;33;131;85;46;665;526;22;2;0.00;0.00;0.00;0.00;0.00;0.00;0.00
l-milla;Luis Milla;69;40;201;148;53;822;617;54;4;0.06;0.00;0.06;0.00;0.06;0.00;0.00
l-perez;Luis Pérez;0;34;137;94;43;717;526;51;2;0.00;0.00;0.00;0.00;0.00;0.00;0.00
l-rioja;Luis Rioja;38;24;198;169;29;636;469;23;3;0.31;0.06;0.25;0.31;0.00;0.00;0.00
luiz-junior-1;Luiz Lúcio Reis Júnior;0;0;3;1;2;140;68;29;0;0.00;0.00;0.00;0.00;0.00;0.00;0.00
modric;Luka Modric;52;14;82;69;13;1050;888;68;8;0.20;0.10;0.10;0.10;0.10;0.00;0.00
luka;Luka Romero;4;4;25;19;6;39;31;0;0;0.00;0.00;0.00;0.00;0.00;0.00;0.00
luka-sucic;Luka Sucic;0;21;149;112;37;670;543;24;4;0.05;0.05;0.00;0.05;0.00;0.00;0.00
luken-beitia;Luken Beitia;0;1;2;1;1;5;4;1;0;0.00;0.00;0.00;0.00;0.00;0.00;0.00
m-sylla;Mamadou Sylla;0;3;121;46;75;162;104;4;0;0.21;0.00;0.21;0.00;0.21;0.00;0.00
manu-bueno;Manu Bueno;0;4;15;14;1;47;42;1;0;0.25;0.25;0.00;0.25;0.00;0.00;0.00
manu-fuster;Manu Fuster;14;13;86;74;12;333;270;14;2;0.22;0.11;0.11;0.00;0.22;0.00;0.00
manu-gonzalez;Manuel González Pallarés;0;0;0;0;0;0;0;0;0;0.00;0.00;0.00;0.00;0.00;0.00;0.00
morlanes;Manu Morlanes;1;32;97;75;22;512;437;20;2;0.00;0.00;0.00;0.00;0.00;0.00;0.00
m-sanchez;Manu Sánchez;4;46;167;139;28;484;328;17;0;0.00;0.00;0.00;0.00;0.00;0.00;0.00
marash-kumbulla;Marash Kumbulla;0;35;179;100;79;852;662;54;0;0.33;0.00;0.33;0.00;0.17;0.17;0.00
bartra;Marc Bartra;0;15;108;49;59;683;475;63;2;0.20;0.00;0.20;0.00;0.00;0.20;0.00
marc-bernal;Marc Bernal;0;8;28;21;7;160;139;9;0;0.00;0.00;0.00;0.00;0.00;0.00;0.00
marc;Marc Cardona;1;1;14;10;4;32;27;1;0;0.00;0.00;0.00;0.00;0.00;0.00;0.00
marc-casado;Marc Casadó;0;38;150;122;28;1223;1066;32;4;0.00;0.00;0.00;0.00;0.00;0.00;0.00
marc-domenech;Marc Domenech;0;0;17;7;10;20;14;0;0;0.00;0.00;0.00;0.00;0.00;0.00;0.00
marc-roca;Marc Roca;1;20;78;60;18;526;435;26;0;0.25;0.13;0.13;0.25;0.00;0.00;0.00
marc-vidal;Marc Vidal;0;0;0;0;0;0;0;0;0;0.00;0.00;0.00;0.00;0.00;0.00;0.00
ter-stegen;Marc-André ter Stegen;0;0;4;2;2;172;134;21;0;0.00;0.00;0.00;0.00;0.00;0.00;0.00
marco-de-las-sias;Marco de Las Sias;0;0;0;0;0;0;0;0;0;0.00;0.00;0.00;0.00;0.00;0.00;0.00
marcos-alonso;Marcos Alonso;11;21;154;78;76;1322;1117;64;1;0.00;0.00;0.00;0.00;0.00;0.00;0.00
marcos-andre;Marcos André de Sousa Mendonça;0;6;178;95;83;179;105;11;2;0.08;0.00;0.08;0.00;0.08;0.00;0.00
m-llorente;Marcos Llorente;0;37;119;97;22;728;616;18;0;0.25;0.13;0.13;0.00;0.25;0.00;0.00
marcao;Marcos do Nascimento Teixeira;0;9;49;30;19;260;224;6;0;0.00;0.00;0.00;0.00;0.00;0.00;0.00
mario-maroto;Mario Maroto;0;0;4;2;2;15;11;0;0;0.00;0.00;0.00;0.00;0.00;0.00;0.00
mario-martin;Mario Martín;1;42;220;175;45;579;476;28;2;0.00;0.00;0.00;0.00;0.00;0.00;0.00
dmitrovic;Marko Dmitrovic;0;1;15;7;8;590;102;130;0;0.00;0.00;0.00;0.00;0.00;0.00;0.00
maroan-sannadi;Maroan Sannadi;0;0;26;22;4;32;23;1;1;0.20;0.00;0.20;0.00;0.20;0.00;0.00
martin-cuellar;Martin Cuellar;0;0;0;0;0;0;0;0;0;0.00;0.00;0.00;0.00;0.00;0.00;0.00
valjent;Martin Valjent;0;17;96;43;53;832;659;56;1;0.25;0.00;0.25;0.00;0.25;0.00;0.00
martin-conde;Martín Conde;0;0;0;0;0;0;0;0;0;0.00;0.00;0.00;0.00;0.00;0.00;0.00
martin-tejon;Martín Tejón;0;2;15;12;3;25;20;0;0;0.00;0.00;0.00;0.00;0.00;0.00;0.00
zubimendi;Martín Zubimendi;1;55;217;154;63;1255;992;63;1;0.09;0.00;0.09;0.09;0.00;0.00;0.00
marvin-1;Marvin Park;0;12;64;51;13;211;159;10;0;0.00;0.00;0.00;0.00;0.00;0.00;0.00
mateo-flores;Mateo Flores;0;3;12;10;2;58;44;2;0;0.00;0.00;0.00;0.00;0.00;0.00;0.00
mateo-mejia;Mateo Mejía;0;0;2;1;1;1;0;0;0;0.00;0.00;0.00;0.00;0.00;0.00;0.00
mateu-morey;Mateu Morey;0;9;50;43;7;178;143;6;0;0.00;0.00;0.00;0.00;0.00;0.00;0.00
matija-nastasic;Matija Nastasic;0;20;89;46;43;666;506;42;0;0.50;0.00;0.50;0.00;0.00;0.50;0.00
matias-arbol;Matías Árbol;0;0;0;0;0;0;0;0;0;0.00;0.00;0.00;0.00;0.00;0.00;0.00
m-arambarri;Mauro Arambarri;1;25;204;124;80;483;332;26;2;0.24;0.04;0.20;0.04;0.16;0.04;0.04
max-aarons;Max Aarons;0;1;3;3;0;12;10;1;0;0.00;0.00;0.00;0.00;0.00;0.00;0.00
maximiliano-caufriez;Maximiliano Caufriez;0;1;10;3;7;14;10;1;0;0.00;0.00;0.00;0.00;0.00;0.00;0.00
miguel-3;Miguel Gutiérrez;18;31;151;136;15;913;778;30;3;0.05;0.00;0.05;0.05;0.00;0.00;0.00
miguel-2;Miguel de la Fuente;0;14;237;124;113;196;111;4;4;0.05;0.00;0.05;0.00;0.05;0.00;0.00
m-morro;Miguel Ángel Morro;0;0;0;0;0;0;0;0;0;0.00;0.00;0.00;0.00;0.00;0.00;0.00
mihailo-ristic;Mihailo Ristic;0;3;28;24;4;89;64;5;0;0.00;0.00;0.00;0.00;0.00;0.00;0.00
mika-marmol;Mika Mármol;0;37;112;87;25;800;611;39;0;0.00;0.00;0.00;0.00;0.00;0.00;0.00
mikel-jauregizar;Mikel Jauregizar;18;54;216;178;38;685;535;46;4;0.18;0.09;0.09;0.09;0.09;0.00;0.00
oyarzabal;Mikel Oyarzabal;0;15;144;69;75;325;228;6;2;0.19;0.00;0.19;0.14;0.00;0.05;0.00
vesga;Mikel Vesga;0;18;78;53;25;407;316;25;2;0.00;0.00;0.00;0.00;0.00;0.00;0.00
moi-gomez;Moi Gómez;2;11;73;55;18;372;298;12;0;0.00;0.00;0.00;0.00;0.00;0.00;0.00
diakhaby;Mouctar Diakhaby;0;1;7;3;4;29;19;2;0;0.25;0.00;0.25;0.00;0.25;0.00;0.00
moussa-diarra-1;Moussa Diarra;0;28;149;95;54;615;489;31;0;0.00;0.00;0.00;0.00;0.00;0.00;0.00
munir;Munir El Haddadi;1;11;99;73;26;131;98;0;1;0.25;0.13;0.13;0.13;0.00;0.13;0.00
nabil-aberdin;Nabil Aberdin;0;6;36;23;13;60;29;7;0;0.00;0.00;0.00;0.00;0.00;0.00;0.00
fekir;Nabil Fekir;8;3;26;24;2;72;60;2;1;0.00;0.00;0.00;0.00;0.00;0.00;0.00
nacho-vidal;Nacho Vidal;0;2;16;12;4;35;24;3;0;0.00;0.00;0.00;0.00;0.00;0.00;0.00
naci-unuvar;Naci Ünüvar;0;2;5;5;0;16;11;1;0;0.00;0.00;0.00;0.00;0.00;0.00;0.00
nahuel-molina;Nahuel Molina;9;30;101;85;16;677;529;21;1;0.00;0.00;0.00;0.00;0.00;0.00;0.00
nahuel-tenaglia;Nahuel Tenaglia;0;64;230;164;66;603;403;34;0;0.07;0.00;0.07;0.00;0.00;0.07;0.00
naim-garcia;Naim García;0;0;0;0;0;0;0;0;0;0.00;0.00;0.00;0.00;0.00;0.00;0.00
natan;Natan Bernardo de Souza;0;24;109;45;64;761;640;33;0;0.00;0.00;0.00;0.00;0.00;0.00;0.00
nayef-aguerd;Nayef Aguerd;0;30;163;73;90;1186;968;73;0;0.00;0.00;0.00;0.00;0.00;0.00;0.00
gudelj;Nemanja Gudelj;23;31;134;74;60;1069;906;34;1;0.00;0.00;0.00;0.00;0.00;0.00;0.00
nicolas-serrano;Nico Serrano;5;1;21;19;2;31;24;0;0;0.00;0.00;0.00;0.00;0.00;0.00;0.00
williams-jr;Nicholas Williams Arthuer;37;24;249;230;19;426;332;6;0;0.10;0.00;0.10;0.00;0.10;0.00;0.00
nicolas-pepe;Nicolas Pépé;4;6;88;66;22;320;262;8;3;0.05;0.00;0.05;0.00;0.05;0.00;0.00
noah-darvich;Noah Darvich;0;0;0;0;0;0;0;0;0;0.00;0.00;0.00;0.00;0.00;0.00;0.00
nobel-mendy;Nobel Mendy;0;0;0;0;0;0;0;0;0;0.00;0.00;0.00;0.00;0.00;0.00;0.00
oier-gastesi;Oier Gastesi;0;0;0;0;0;0;0;0;0;0.00;0.00;0.00;0.00;0.00;0.00;0.00
o-sancet-1;Oihan Sancet;0;10;139;121;18;455;365;20;5;0.39;0.06;0.33;0.03;0.27;0.09;0.00
oliver-mcburnie;Oliver McBurnie;0;9;181;75;106;271;186;2;0;0.00;0.00;0.00;0.00;0.00;0.00;0.00
omar-alderete;Omar Alderete;0;29;199;87;112;772;417;107;3;0.00;0.00;0.00;0.00;0.00;0.00;0.00
omar-1;Omar El Hilali;0;86;231;189;42;800;568;67;1;0.00;0.00;0.00;0.00;0.00;0.00;0.00
mascarell;Omar Mascarell;0;21;127;78;49;621;492;44;0;0.00;0.00;0.00;0.00;0.00;0.00;0.00
omar-sadik;Omar Sadik;0;0;0;0;0;0;0;0;0;0.00;0.00;0.00;0.00;0.00;0.00;0.00
oriol-romeu;Oriol Romeu;0;29;108;86;22;652;555;35;1;0.00;0.00;0.00;0.00;0.00;0.00;0.00
orri-oskarsson;Orri Óskarsson;0;4;79;28;51;129;73;1;0;0.23;0.00;0.23;0.08;0.15;0.00;0.00
pablo-barrios-rivas;Pablo Barrios;0;29;152;118;34;937;784;35;3;0.00;0.00;0.00;0.00;0.00;0.00;0.00
pablo-busto-1;Pablo Busto;0;0;0;0;0;0;0;0;0;0.00;0.00;0.00;0.00;0.00;0.00;0.00
pablo-duran;Pablo Durán;1;10;102;78;24;221;155;8;0;0.29;0.14;0.14;0.00;0.29;0.00;0.00
p-fornals;Pablo Fornals;23;11;92;65;27;513;388;26;7;0.10;0.00;0.10;0.00;0.10;0.00;0.00
pablo-garcia-5;Pablo García;0;0;2;2;0;7;4;1;0;0.00;0.00;0.00;0.00;0.00;0.00;0.00
pablo-ibanez;Pablo Ibáñez;1;11;99;69;30;279;210;7;1;0.00;0.00;0.00;0.00;0.00;0.00;0.00
maffeo;Pablo Maffeo;0;38;169;143;26;450;306;27;3;0.00;0.00;0.00;0.00;0.00;0.00;0.00
pablo-marin;Pablo Marín;0;9;59;41;18;120;84;4;1;0.00;0.00;0.00;0.00;0.00;0.00;0.00
pablo-rivera;Pablo Rivera;0;0;0;0;0;0;0;0;0;0.00;0.00;0.00;0.00;0.00;0.00;0.00
pablo-torre;Pablo Torre;8;5;34;27;7;160;133;2;1;0.75;0.50;0.25;0.25;0.50;0.00;0.25
pablo-valencia;Pablo Valencia;0;0;0;0;0;0;0;0;0;0.00;0.00;0.00;0.00;0.00;0.00;0.00
papa-dame-ba;Papa Dame Ba;0;1;9;9;0;12;5;0;0;0.00;0.00;0.00;0.00;0.00;0.00;0.00
pape-alassane-gueye;Pape Gueye;2;43;198;155;43;781;572;61;6;0.07;0.07;0.00;0.07;0.00;0.00;0.00
pathe-ciss;Pathé Ciss;0;32;175;126;49;621;497;29;4;0.20;0.00;0.20;0.00;0.10;0.10;0.00
pau-cabanes-de-la-torre;Pau Cabanes;1;5;50;43;7;109;85;1;1;0.33;0.00;0.33;0.00;0.33;0.00;0.00
pau-cubarsi;Pau Cubarsí;0;23;144;56;88;2039;1817;80;3;0.00;0.00;0.00;0.00;0.00;0.00;0.00
pau-lopez;Pau López;0;0;1;0;1;22;12;4;0;0.00;0.00;0.00;0.00;0.00;0.00;0.00
pau-navarro;Pau Navarro;0;15;48;38;10;306;265;15;0;0.00;0.00;0.00;0.00;0.00;0.00;0.00
pau-victor;Pau Víctor;0;1;33;30;3;93;74;2;0;0.29;0.14;0.14;0.14;0.14;0.00;0.00
paulo-gazzaniga;Paulo Gazzaniga;0;1;9;8;1;770;533;82;0;0.00;0.00;0.00;0.00;0.00;0.00;0.00
pedri;Pedro González López;23;38;175;168;7;1468;1208;82;17;0.31;0.08;0.23;0.15;0.15;0.00;0.00
pedro-aleman;Pedro Alemañ;0;0;0;0;0;0;0;0;0;0.00;0.00;0.00;0.00;0.00;0.00;0.00
pedro-diaz;Pedro Díaz;5;10;41;34;7;182;153;4;1;0.00;0.00;0.00;0.00;0.00;0.00;0.00
pedro-ortiz;Pedro Ortiz;0;0;0;0;0;0;0;0;0;0.00;0.00;0.00;0.00;0.00;0.00;0.00
peio-canales;Peio Canales;3;2;8;7;1;27;22;1;0;0.00;0.00;0.00;0.00;0.00;0.00;0.00
pejino;Francisco Jesús Crespo García;0;1;2;2;0;6;6;0;0;0.00;0.00;0.00;0.00;0.00;0.00;0.00
pelayo-fernandez;Pelayo Fernández;0;0;0;0;0;0;0;0;0;0.00;0.00;0.00;0.00;0.00;0.00;0.00
chavarria-1;Pep Chavarría;0;31;123;91;32;735;589;26;0;0.00;0.00;0.00;0.00;0.00;0.00;0.00
pepelu;José Luis García Vayá;60;33;135;97;38;903;689;72;2;0.10;0.00;0.10;0.00;0.10;0.00;0.00
peque-1;Gerard Fernández Castellano;3;9;110;83;27;233;182;8;4;0.00;0.00;0.00;0.00;0.00;0.00;0.00
pere-joan;Pere García;0;0;0;0;0;0;0;0;0;0.00;0.00;0.00;0.00;0.00;0.00;0.00
pere-milla;Pere Milla;3;3;39;32;7;86;49;3;3;0.00;0.00;0.00;0.00;0.00;0.00;0.00
peter;Peter Federico González Carmona;0;7;59;41;18;67;49;2;0;0.00;0.00;0.00;0.00;0.00;0.00;0.00
pol-lozano;Pol Lozano;10;41;156;137;19;569;445;36;3;0.00;0.00;0.00;0.00;0.00;0.00;0.00
pol-tristan;Pol Tristán;0;0;0;0;0;0;0;0;0;0.00;0.00;0.00;0.00;0.00;0.00;0.00
portu;Cristian Portugués Manzanera;8;7;31;22;9;82;69;0;0;0.00;0.00;0.00;0.00;0.00;0.00;0.00
rafa-mir;Rafa Mir;0;7;43;26;17;59;42;1;0;0.00;0.00;0.00;0.00;0.00;0.00;0.00
rafael-bauza;Rafael Bauza;0;5;23;18;5;54;44;2;1;0.00;0.00;0.00;0.00;0.00;0.00;0.00
rafa-romero;Rafael Romero;0;0;0;0;0;0;0;0;0;0.00;0.00;0.00;0.00;0.00;0.00;0.00
r-terrats;Ramon Terrats;4;3;51;39;12;109;78;7;1;0.00;0.00;0.00;0.00;0.00;0.00;0.00
ramon-martinez;Ramón Martínez;0;0;2;1;1;10;9;0;0;0.00;0.00;0.00;0.00;0.00;0.00;0.00
nteka;Randy Nteka;0;10;151;79;72;171;108;2;0;0.25;0.00;0.25;0.25;0.00;0.00;0.00
raphinha;Raphael Dias Belloli;108;29;184;174;10;880;648;37;7;0.22;0.03;0.19;0.17;0.05;0.00;0.00
rayane-belaid;Rayane Belaid;0;0;0;0;0;0;0;0;0;0.00;0.00;0.00;0.00;0.00;0.00;0.00
r-albiol;Raúl Albiol;0;10;74;29;45;811;683;44;1;0.00;0.00;0.00;0.00;0.00;0.00;0.00
raul;Raúl Asencio;0;13;67;42;25;556;501;16;1;0.00;0.00;0.00;0.00;0.00;0.00;0.00
raul-chasco;Raúl Chasco;0;4;12;12;0;39;21;5;1;0.00;0.00;0.00;0.00;0.00;0.00;0.00
raul-4;Raúl García;0;9;84;56;28;128;88;1;0;0.14;0.07;0.07;0.00;0.07;0.07;0.00
raul-jimenez-1;Raúl Jiménez;0;0;0;0;0;0;0;0;0;0.00;0.00;0.00;0.00;0.00;0.00;0.00
raul-martinez-1;Raúl Martínez;0;0;0;0;0;0;0;0;0;0.00;0.00;0.00;0.00;0.00;0.00;0.00
raul-moro;Raúl Moro;23;14;145;130;15;325;219;19;3;0.20;0.07;0.13;0.00;0.13;0.07;0.00
r-d-t;Raúl de Tomás;0;0;0;0;0;0;0;0;0;0.00;0.00;0.00;0.00;0.00;0.00;0.00
reinildo;Reinildo Isnard Mandava;0;17;90;67;23;487;393;14;0;0.00;0.00;0.00;0.00;0.00;0.00;0.00
tapia-1;Renato Tapia;0;34;153;120;33;617;446;38;3;0.17;0.17;0.00;0.00;0.17;0.00;0.00
ricard-artero;Ricard Artero;0;0;0;0;0;0;0;0;0;0.00;0.00;0.00;0.00;0.00;0.00;0.00
ricardo-rodriguez-1;Ricardo Rodríguez;0;19;66;42;24;332;270;4;0;0.00;0.00;0.00;0.00;0.00;0.00;0.00
robert-lewandowski;Robert Lewandowski;0;7;167;114;53;380;273;11;2;0.32;0.02;0.30;0.08;0.21;0.03;0.00
navarro-2;Robert Navarro;7;29;160;147;13;406;318;9;5;0.08;0.00;0.08;0.00;0.08;0.00;0.00
roberto-fernandez-2;Roberto Fernández;0;4;71;42;29;79;48;1;0;1.00;0.00;1.00;0.00;0.50;0.50;0.00
lopez-alcaide;Roberto López;11;7;36;28;8;177;137;9;0;0.00;0.00;0.00;0.00;0.00;0.00;0.00
le-normand;Robin Le Normand;0;17;106;62;44;716;624;20;0;0.00;0.00;0.00;0.00;0.00;0.00;0.00
rodri-3;Rodrigo Sánchez Rodríguez;3;2;17;15;2;59;49;2;0;0.00;0.00;0.00;0.00;0.00;0.00;0.00
rodrigo-abajas;Rodrigo Abajas;0;3;9;8;1;20;11;0;0;0.00;0.00;0.00;0.00;0.00;0.00;0.00
de-paul;Rodrigo De Paul;10;17;114;106;8;1085;845;64;20;0.38;0.25;0.13;0.00;0.38;0.00;0.00
riquelme;Rodrigo Riquelme;8;8;50;43;7;179;156;2;0;0.00;0.00;0.00;0.00;0.00;0.00;0.00
rodrygo;Rodrygo Silva de Goes;49;10;139;123;16;796;723;7;1;0.19;0.03;0.16;0.03;0.16;0.00;0.00
romain-perraud;Romain Perraud;0;27;150;131;19;635;503;13;0;0.13;0.13;0.00;0.00;0.13;0.00;0.00
r-araujo;Ronald Araujo;0;1;23;5;18;196;172;9;0;0.00;0.00;0.00;0.00;0.00;0.00;0.00
ruben-garcia;Rubén García;38;37;176;128;48;674;489;44;0;0.25;0.13;0.13;0.13;0.13;0.00;0.13
ruben-gomez-peris;Rubén Gómez;0;0;0;0;0;0;0;0;0;0.00;0.00;0.00;0.00;0.00;0.00;0.00
ruben-iranzo;Rubén Iranzo;0;0;0;0;0;0;0;0;0;0.00;0.00;0.00;0.00;0.00;0.00;0.00
r-pena;Rubén Peña;4;8;89;71;18;175;113;4;0;0.00;0.00;0.00;0.00;0.00;0.00;0.00
ruben-vargas;Rubén Vargas;10;5;54;46;8;153;116;5;0;0.13;0.00;0.13;0.00;0.13;0.00;0.00
rui-silva;Rui Tiago Dantas da Silva;0;0;6;4;2;452;285;57;0;0.00;0.00;0.00;0.00;0.00;0.00;0.00
sanchez-1;Salvi Sánchez;0;0;0;0;0;0;0;0;0;0.00;0.00;0.00;0.00;0.00;0.00;0.00
samuel-lino;Samuel Dias Lino;2;20;127;112;15;532;406;30;1;0.14;0.05;0.09;0.05;0.09;0.00;0.00
samu-3;Samuel de Almeida Costa;0;55;256;184;72;927;704;54;2;0.00;0.00;0.00;0.00;0.00;0.00;0.00
sandro;Sandro Ramírez;40;19;137;121;16;351;244;11;1;0.25;0.07;0.18;0.07;0.18;0.00;0.07
santi-c-v;Santi Comesaña;0;47;212;163;49;914;762;35;4;0.21;0.00;0.21;0.14;0.00;0.07;0.00
santiago-mourino;Santiago Mouriño;0;17;86;61;25;327;241;18;0;0.00;0.00;0.00;0.00;0.00;0.00;0.00
saul-1;Saúl Ñíguez;1;30;137;100;37;405;315;14;2;0.04;0.00;0.04;0.00;0.04;0.00;0.00
scott-mckenna;Scott McKenna;0;14;114;34;80;986;824;29;0;0.00;0.00;0.00;0.00;0.00;0.00;0.00
sebastian-john-wade-gardiner;Sebas Wade;0;0;0;0;0;0;0;0;0;0.00;0.00;0.00;0.00;0.00;0.00;0.00
selim-amallah;Selim Amallah;16;18;138;125;13;256;200;11;2;0.19;0.06;0.13;0.00;0.19;0.00;0.00
silvi-clua;Selvi Clua;0;8;28;19;9;93;71;4;0;0.00;0.00;0.00;0.00;0.00;0.00;0.00
sergi-altimira;Sergi Altimira;0;45;163;141;22;854;719;33;4;0.00;0.00;0.00;0.00;0.00;0.00;0.00
sergi-canos;Sergi Canós;4;10;61;50;11;127;74;4;0;0.00;0.00;0.00;0.00;0.00;0.00;0.00
sergi-cardona;Sergi Cardona;1;47;190;137;53;832;640;31;0;0.08;0.00;0.08;0.08;0.00;0.00;0.00
s-darder;Sergi Darder;43;30;145;131;14;649;481;57;4;0.00;0.00;0.00;0.00;0.00;0.00;0.00
sergi-dominguez;Sergi Domínguez;0;1;7;3;4;179;168;2;0;0.00;0.00;0.00;0.00;0.00;0.00;0.00
sergi-guardiola;Sergi Guardiola;0;3;26;18;8;48;32;2;0;0.00;0.00;0.00;0.00;0.00;0.00;0.00
s-gomez;Sergi Gómez;0;8;47;16;31;347;300;9;0;0.00;0.00;0.00;0.00;0.00;0.00;0.00
sergio-arribas-1;Sergio Arribas;0;7;9;8;1;41;28;0;0;0.00;0.00;0.00;0.00;0.00;0.00;0.00
camello;Sergio Camello;0;9;113;76;37;253;201;3;7;0.13;0.00;0.13;0.09;0.04;0.00;0.00
s-carreira;Sergio Carreira;1;22;68;58;10;344;262;12;1;0.00;0.00;0.00;0.00;0.00;0.00;0.00
sergio-g;Sergio González;0;27;148;67;81;1096;848;74;0;0.29;0.00;0.29;0.00;0.00;0.29;0.00
sergio-gomez;Sergio Gómez;88;51;162;132;30;858;694;30;1;0.00;0.00;0.00;0.00;0.00;0.00;0.00
s-herrera;Sergio Herrera;0;2;12;7;5;754;297;207;0;0.00;0.00;0.00;0.00;0.00;0.00;0.00
sergio-mestre;Sergio Mestre;0;0;0;0;0;0;0;0;0;0.00;0.00;0.00;0.00;0.00;0.00;0.00
sergio-ruiz-1;Sergio Ruiz;0;0;0;0;0;0;0;0;0;0.00;0.00;0.00;0.00;0.00;0.00;0.00
sergio-vieira;Sergio Viera;0;0;0;0;0;0;0;0;0;0.00;0.00;0.00;0.00;0.00;0.00;0.00
seydouba-cisse;Seydouba Cissé;2;34;180;140;40;685;547;34;1;0.33;0.00;0.33;0.00;0.33;0.00;0.00
sheraldo-becker;Sheraldo Becker;2;2;57;34;23;219;157;8;0;0.12;0.00;0.12;0.00;0.12;0.00;0.00
siebe-van-der-heyden;Siebe Van der Heyden;0;1;10;7;3;63;54;3;0;0.00;0.00;0.00;0.00;0.00;0.00;0.00
stanis-idumbo-muzambo;Stanis Idumbo Muzambo;0;8;39;38;1;51;42;0;1;0.50;0.00;0.50;0.00;0.50;0.00;0.00
stanko-juric;Stanko Juric;0;41;176;123;53;592;491;14;1;0.00;0.00;0.00;0.00;0.00;0.00;0.00
stefan-bajcetic;Stefan Bajcetic;0;9;50;38;12;111;75;5;0;0.50;0.00;0.50;0.00;0.50;0.00;0.00
stipe-biuk;Stipe Biuk;0;0;0;0;0;0;0;0;0;0.00;0.00;0.00;0.00;0.00;0.00;0.00
stoichkov;Juan Diego Molina Martínez;0;14;85;64;21;200;121;10;6;0.00;0.00;0.00;0.00;0.00;0.00;0.00
dimitrievski;Stole Dimitrievski;0;0;0;0;0;108;27;16;0;0.00;0.00;0.00;0.00;0.00;0.00;0.00
suso;Jesús Joaquín Fernández Sáenz de la Torre;10;2;33;30;3;104;88;4;1;0.00;0.00;0.00;0.00;0.00;0.00;0.00
sebastien-haller;Sébastien Haller;0;2;63;20;43;90;53;1;2;0.00;0.00;0.00;0.00;0.00;0.00;0.00
tadeo-allende;Tadeo Allende;0;0;1;1;0;3;1;0;0;0.00;0.00;0.00;0.00;0.00;0.00;0.00
tajon-buchanan;Tajon Buchanan;0;5;15;13;2;12;6;0;0;0.00;0.00;0.00;0.00;0.00;0.00;0.00
take;Takefusa Kubo;15;21;239;220;19;556;401;18;5;0.25;0.00;0.25;0.25;0.00;0.00;0.00
takuma-asano;Takuma Asano;0;7;62;46;16;111;75;1;0;0.00;0.00;0.00;0.00;0.00;0.00;0.00
tamas-nikitscher;Tamás Nikitscher;0;6;17;13;4;100;85;8;0;0.00;0.00;0.00;0.00;0.00;0.00;0.00
nianzou-kouassi;Tanguy Nianzou;0;7;45;24;21;314;279;6;0;0.00;0.00;0.00;0.00;0.00;0.00;0.00
tasos-douvikas;Tasos Douvikas;0;9;115;77;38;105;74;1;0;0.20;0.00;0.20;0.00;0.13;0.07;0.00
thiago-ojeda;Thiago Ojeda;0;0;1;1;0;7;7;0;0;0.00;0.00;0.00;0.00;0.00;0.00;0.00
courtois;Thibaut Courtois;0;0;8;1;7;634;478;53;0;0.00;0.00;0.00;0.00;0.00;0.00;0.00
thierno-barry-1;Thierno Barry;0;10;228;118;110;226;132;4;1;0.17;0.00;0.17;0.04;0.07;0.07;0.00
thierry-r;Thierry Rendall Correia;0;27;98;86;12;338;235;13;0;0.00;0.00;0.00;0.00;0.00;0.00;0.00
lemar;Thomas Lemar;0;0;3;3;0;6;5;1;0;0.00;0.00;0.00;0.00;0.00;0.00;0.00
tomas-conechny;Tomás Conechny;3;10;103;68;35;232;149;2;2;0.07;0.00;0.07;0.00;0.00;0.07;0.00
toni-fernandez;Toni Fernández;0;0;0;0;0;0;0;0;0;0.00;0.00;0.00;0.00;0.00;0.00;0.00
lato;Antonio Latorre Grueso;0;7;25;19;6;114;79;6;0;0.00;0.00;0.00;0.00;0.00;0.00;0.00
t-martinez;Toni Martínez;0;9;145;37;108;168;103;0;2;0.11;0.07;0.04;0.04;0.07;0.00;0.00
toni-villa;Laureano Antonio Villa Suárez;0;0;0;0;0;0;0;0;0;0.00;0.00;0.00;0.00;0.00;0.00;0.00
sadiq;Umar Sadiq;0;7;100;65;35;96;63;2;0;0.20;0.00;0.20;0.00;0.00;0.20;0.00
unai-egiluz;Unai Egiluz;0;0;0;0;0;0;0;0;0;0.00;0.00;0.00;0.00;0.00;0.00;0.00
unai-garcia;Unai García;0;0;0;0;0;0;0;0;0;0.00;0.00;0.00;0.00;0.00;0.00;0.00
unai-gomez;Unai Gómez;9;6;94;56;38;160;108;5;2;0.14;0.00;0.14;0.14;0.00;0.00;0.00
unai-lopez;Unai López;7;19;88;74;14;769;624;33;3;0.30;0.10;0.20;0.00;0.20;0.10;0.00
marrero;Unai Marrero;0;0;0;0;0;0;0;0;0;0.00;0.00;0.00;0.00;0.00;0.00;0.00
nunez-2;Unai Núñez;0;2;16;9;7;145;117;9;0;0.00;0.00;0.00;0.00;0.00;0.00;0.00
unai-simon;Unai Simón;0;0;3;1;2;187;94;38;0;0.00;0.00;0.00;0.00;0.00;0.00;0.00
gonzalez-de-zarate;Urko González;0;11;38;24;14;93;69;4;0;0.00;0.00;0.00;0.00;0.00;0.00;0.00
valentin-rosier;Valentin Rosier;0;51;194;159;35;630;465;25;0;0.00;0.00;0.00;0.00;0.00;0.00;0.00
valentin-barco;Valentín Barco;9;15;46;43;3;135;100;7;2;0.00;0.00;0.00;0.00;0.00;0.00;0.00
valentin-pezzolesi;Valentín Pezzolesi;0;0;0;0;0;5;2;0;0;0.00;0.00;0.00;0.00;0.00;0.00;0.00
valery;Valery Fernández;0;8;25;21;4;63;55;1;0;0.67;0.00;0.67;0.33;0.33;0.00;0.00
vedat-muriqi;Vedat Muriqi;0;3;251;82;169;329;207;9;3;0.17;0.00;0.17;0.08;0.00;0.08;0.00
vicent-abril;Vicent Abril;0;0;0;0;0;0;0;0;0;0.00;0.00;0.00;0.00;0.00;0.00;0.00
guaita;Vicente Guaita;0;0;12;3;9;465;297;61;0;0.00;0.00;0.00;0.00;0.00;0.00;0.00
viktor-tsygankov;Viktor Tsyhankov;44;11;81;67;14;364;294;8;1;0.10;0.00;0.10;0.10;0.00;0.00;0.00
vini-jr;Vinícius José Paixão de Oliveira Júnior;5;16;257;250;7;544;409;21;8;0.21;0.02;0.19;0.05;0.16;0.00;0.00
viti;Viti Rozada;0;42;118;94;24;418;339;20;1;0.00;0.00;0.00;0.00;0.00;0.00;0.00
vitor-roque;Vitor Hugo Roque Ferreira;1;11;188;141;47;188;134;4;1;0.13;0.00;0.13;0.00;0.10;0.03;0.00
vladyslav-krapyvtsov;Vladyslav Krapyvtsov;0;0;0;0;0;0;0;0;0;0.00;0.00;0.00;0.00;0.00;0.00;0.00
v-meseguer;Víctor Meseguer;0;10;55;37;18;185;139;7;1;0.00;0.00;0.00;0.00;0.00;0.00;0.00
victor-munoz;Víctor Muñoz Villanueva;0;0;0;0;0;0;0;0;0;0.00;0.00;0.00;0.00;0.00;0.00;0.00
victor-puig;Víctor Puig;0;0;0;0;0;0;0;0;0;0.00;0.00;0.00;0.00;0.00;0.00;0.00
walid-cheddira;Walid Cheddira;0;4;106;70;36;91;65;1;0;0.14;0.00;0.14;0.14;0.00;0.00;0.00
warren-madrigal;Warren Madrigal;0;0;0;0;0;0;0;0;0;0.00;0.00;0.00;0.00;0.00;0.00;0.00
william-2;William Silva de Carvalho;0;3;24;19;5;182;140;11;0;0.00;0.00;0.00;0.00;0.00;0.00;0.00
williot-swedberg;Williot Swedberg;0;14;119;99;20;278;203;8;2;0.15;0.05;0.10;0.00;0.15;0.00;0.00
willy-kambwala;Willy Kambwala;0;9;36;14;22;276;215;22;0;0.00;0.00;0.00;0.00;0.00;0.00;0.00
wojciech-szczesny;Wojciech Szczesny;0;1;1;1;0;155;117;17;0;0.00;0.00;0.00;0.00;0.00;0.00;0.00
xavier-pleguezuelo;Xavier Pleguezuelo;0;0;0;0;0;0;0;0;0;0.00;0.00;0.00;0.00;0.00;0.00;0.00
herrera-1;Yangel Herrera;0;40;221;178;43;637;523;21;2;0.17;0.00;0.17;0.00;0.00;0.17;0.00
yarek-gasiorowski;Yarek Gasiorowski;0;19;66;30;36;460;345;30;1;0.00;0.00;0.00;0.00;0.00;0.00;0.00
jesus-santiago;Jesús Santiago Pérez;0;12;43;38;5;104;70;2;0;0.00;0.00;0.00;0.00;0.00;0.00;0.00
yeray-2;Yeray Álvarez;0;18;103;53;50;742;575;51;1;0.00;0.00;0.00;0.00;0.00;0.00;0.00
yeremy;Yeremy Pino;1;38;169;151;18;400;303;7;3;0.10;0.00;0.10;0.00;0.10;0.00;0.00
yoel-lago;Yoel Lago;0;2;9;7;2;143;126;3;1;0.00;0.00;0.00;0.00;0.00;0.00;0.00
youssef-lekhedim;Youssef Lekhedim;0;0;0;0;0;0;0;0;0;0.00;0.00;0.00;0.00;0.00;0.00;0.00
youssouf-sabaly;Youssouf Sabaly;0;28;91;76;15;491;412;6;2;0.00;0.00;0.00;0.00;0.00;0.00;0.00
yuri-b;Yuri Berchiche;0;22;98;68;30;740;591;38;0;0.00;0.00;0.00;0.00;0.00;0.00;0.00
yvan-neyou;Yvan Neyou;0;44;193;164;29;751;622;31;2;0.09;0.00;0.09;0.00;0.09;0.00;0.00
yaser-asprilla;Yáser Asprilla;16;14;91;89;2;380;290;18;4;0.14;0.07;0.07;0.14;0.00;0.00;0.00
alex-b;Álex Baena;87;21;191;161;30;775;522;51;13;0.19;0.00;0.19;0.09;0.09;0.00;0.00
alejandro-gil;Álex Gil;0;0;0;0;0;0;0;0;0;0.00;0.00;0.00;0.00;0.00;0.00;0.00
alex-munoz;Álex Muñoz;0;31;121;82;39;516;418;13;0;0.43;0.00;0.43;0.14;0.14;0.14;0.00
a-remiro;Álex Remiro;0;0;8;2;6;796;408;164;0;0.00;0.00;0.00;0.00;0.00;0.00;0.00
a-sola;Álex Sola;0;21;207;159;48;221;147;5;0;0.00;0.00;0.00;0.00;0.00;0.00;0.00
alex-suarez;Álex Suárez;0;31;130;71;59;991;809;48;1;0.00;0.00;0.00;0.00;0.00;0.00;0.00
alex-valle;Álex Valle;0;0;0;0;0;0;0;0;0;0.00;0.00;0.00;0.00;0.00;0.00;0.00
alvaro-aceves;Álvaro Aceves;0;0;0;0;0;0;0;0;0;0.00;0.00;0.00;0.00;0.00;0.00;0.00
aguado-1;Álvaro Aguado;3;4;35;30;5;191;139;13;1;0.00;0.00;0.00;0.00;0.00;0.00;0.00
alvaro-cortes-1;Álvaro Cortés;0;0;0;0;0;0;0;0;0;0.00;0.00;0.00;0.00;0.00;0.00;0.00
alvaro-djalo;Álvaro Djaló;0;6;79;60;19;72;47;4;0;0.11;0.00;0.11;0.00;0.00;0.11;0.00
alvaro-fernandez;Álvaro Fernández;0;0;4;3;1;268;112;49;0;0.00;0.00;0.00;0.00;0.00;0.00;0.00
alvaro-1;Álvaro García;1;27;101;84;17;444;289;15;2;0.12;0.00;0.12;0.04;0.08;0.00;0.00
alvaro-killane;Álvaro Killane;0;0;0;0;0;0;0;0;0;0.00;0.00;0.00;0.00;0.00;0.00;0.00
odriozola;Álvaro Odriozola;0;1;6;5;1;24;17;0;0;0.00;0.00;0.00;0.00;0.00;0.00;0.00
alvaro-rodriguez-3;Álvaro Rodríguez;0;7;187;74;113;138;71;0;1;0.20;0.00;0.20;0.10;0.00;0.10;0.00
a-tejero;Álvaro Tejero;42;11;93;74;19;395;294;17;1;0.07;0.07;0.00;0.00;0.07;0.00;0.07
correa;Ángel Correa;6;6;84;76;8;197;152;4;0;0.17;0.00;0.17;0.00;0.17;0.00;0.00
angel-f;Ángel Fortuño;0;0;0;0;0;0;0;0;0;0.00;0.00;0.00;0.00;0.00;0.00;0.00
angel-ortiz;Ángel Ortiz;0;10;51;39;12;156;118;4;0;0.00;0.00;0.00;0.00;0.00;0.00;0.00
aron-yaakobishvili;Áron Yaakobishvili;0;0;0;0;0;0;0;0;0;0.00;0.00;0.00;0.00;0.00;0.00;0.00
e-militao;Éder Gabriel Militão;0;19;94;61;33;706;586;48;0;0.14;0.00;0.14;0.00;0.14;0.00;0.00
i-lekue;Íñigo Lekue;0;10;33;28;5;215;159;9;0;0.00;0.00;0.00;0.00;0.00;0.00;0.00
r-de-galarreta;Íñigo Ruíz de Galarreta;5;25;105;95;10;548;436;33;4;0.00;0.00;0.00;0.00;0.00;0.00;0.00
de-marcos;Óscar De Marcos;0;26;89;71;18;581;429;29;2;0.00;0.00;0.00;0.00;0.00;0.00;0.00
mingueza;Óscar Mingueza;9;24;146;130;16;1101;821;66;5;0.13;0.07;0.07;0.00;0.13;0.00;0.07
oscar-4;Óscar Rodríguez;14;26;133;109;24;333;232;22;2;0.07;0.00;0.07;0.00;0.00;0.07;0.00
oscar-trejo;Óscar Trejo;2;4;52;44;8;161;137;3;0;0.00;0.00;0.00;0.00;0.00;0.00;0.00
oscar-5;Óscar Valentín;0;46;208;148;60;599;460;24;0;0.00;0.00;0.00;0.00;0.00;0.00;0.00
orjan-nyland;Ørjan Nyland;0;1;6;2;4;538;231;82;0;0.00;0.00;0.00;0.00;0.00;0.00;0.00
