ID;Jugador;CL;ENT;DUE;D;DA;PC;PCC;PLC;PH;GPT;GPTFA;GPTDA;GCPI;GCPD;CG;GABP
abdessamad-ezzalzouli;Abde Ezzalzouli;1;13;110;90;20;238;181;3;0;0.05;0.00;0.05;0.00;0.05;0.00;0.00
abderrahman-rebbach;Abde Rebbach;7;0;27;21;6;49;31;2;0;0.00;0.00;0.00;0.00;0.00;0.00;0.00
abqar;Abdel Abqar;0;8;51;36;15;209;118;22;0;0.00;0.00;0.00;0.00;0.00;0.00;0.00
abdoulaye-keita;Abdoulaye Keita;0;0;4;2;2;6;1;1;0;0.00;0.00;0.00;0.00;0.00;0.00;0.00
abdul-mumin;Abdul Mumin;0;8;58;29;29;401;295;23;0;0.50;0.00;0.50;0.50;0.00;0.00;0.00
abdon;Abdón Prats;0;1;35;13;22;26;17;1;0;0.20;0.00;0.20;0.20;0.00;0.00;0.00
abel-bretones;Abel Bretones;0;19;66;54;12;195;125;12;0;0.67;0.33;0.33;0.67;0.00;0.00;0.00
abel-ruiz;Abel Ruiz;0;2;55;38;17;138;121;5;0;0.20;0.00;0.20;0.00;0.20;0.00;0.00
aboubacar-bassinga;Aboubacar Bassinga;0;0;2;2;0;4;1;1;1;0.00;0.00;0.00;0.00;0.00;0.00;0.00
adama-boiro;Adama Boiro;0;7;26;19;7;57;44;0;0;0.00;0.00;0.00;0.00;0.00;0.00;0.00
januzaj;Adnan Januzaj;12;2;24;19;5;86;65;4;1;0.00;0.00;0.00;0.00;0.00;0.00;0.00
embarba;Adri Embarba;21;12;69;57;12;160;106;9;1;0.00;0.00;0.00;0.00;0.00;0.00;0.00
adria-altimira;Adrià Alti;0;7;38;29;9;79;64;4;0;0.00;0.00;0.00;0.00;0.00;0.00;0.00
pedrosa-1;Adrià Pedrosa;2;9;52;38;14;224;172;8;0;0.00;0.00;0.00;0.00;0.00;0.00;0.00
adrian-2;Adrián San Miguel del Castillo;0;0;0;0;0;0;0;0;0;0.00;0.00;0.00;0.00;0.00;0.00;0.00
adrian-pica;Adrián Hernández Hernández;0;2;15;6;9;55;37;5;0;0.00;0.00;0.00;0.00;0.00;0.00;0.00
a-rodriguez-1;Adrián Rodríguez;0;0;0;0;0;0;0;0;0;0.00;0.00;0.00;0.00;0.00;0.00;0.00
malcom-adu-ares;Malcom Abdulai Ares Djaló;0;0;4;4;0;8;5;0;0;0.00;0.00;0.00;0.00;0.00;0.00;0.00
aihen;Aihen Muñoz;0;1;15;7;8;60;50;2;0;0.00;0.00;0.00;0.00;0.00;0.00;0.00
aimar-1;Aimar Oroz;1;13;74;61;13;235;190;11;1;0.14;0.00;0.14;0.14;0.00;0.00;0.00
aitor-fdez;Aitor Fernández;0;0;0;0;0;0;0;0;0;0.00;0.00;0.00;0.00;0.00;0.00;0.00
aitor-fraga;Aitor Fraga;0;0;0;0;0;0;0;0;0;0.00;0.00;0.00;0.00;0.00;0.00;0.00
paredes-2;Aitor Paredes;0;3;23;13;10;184;136;12;0;1.00;0.00;1.00;1.00;0.00;0.00;0.00
aitor-r;Aitor Ruibal;0;3;34;29;5;114;91;5;0;0.00;0.00;0.00;0.00;0.00;0.00;0.00
albert-mboyo-sambi-lokonga;Albert Sambi Lokonga;0;3;14;10;4;109;93;6;0;0.00;0.00;0.00;0.00;0.00;0.00;0.00
alberto-collado;Alberto Collado;0;0;0;0;0;0;0;0;0;0.00;0.00;0.00;0.00;0.00;0.00;0.00
alberto-flores;Alberto Flores;0;0;0;0;0;0;0;0;0;0.00;0.00;0.00;0.00;0.00;0.00;0.00
alberto-mari;Alberto Marí;0;0;1;1;0;4;2;0;0;0.00;0.00;0.00;0.00;0.00;0.00;0.00
a-moleiro;Alberto Moleiro;0;7;86;81;5;283;239;4;5;0.18;0.00;0.18;0.12;0.00;0.06;0.00
alberto-risco;Alberto Risco;0;4;26;22;4;29;22;0;0;0.00;0.00;0.00;0.00;0.00;0.00;0.00
alex-balde;Alejandro Balde;0;5;66;57;9;256;226;5;1;0.00;0.00;0.00;0.00;0.00;0.00;0.00
catena;Alejandro Catena;0;10;53;27;26;287;195;29;0;0.00;0.00;0.00;0.00;0.00;0.00;0.00
a-frances;Alejandro Francés;0;12;44;40;4;294;239;17;0;0.00;0.00;0.00;0.00;0.00;0.00;0.00
alejandro-iturbe;Alejandro Iturbe;0;0;0;0;0;0;0;0;0;0.00;0.00;0.00;0.00;0.00;0.00;0.00
alejo-veliz;Alejo Véliz;0;1;81;34;47;92;63;2;0;0.09;0.00;0.09;0.00;0.09;0.00;0.00
sedlar;Aleksandar Sedlar;0;15;39;29;10;146;106;10;0;0.00;0.00;0.00;0.00;0.00;0.00;0.00
berenguer;Alex Berenguer;18;6;62;46;16;139;99;7;2;0.00;0.00;0.00;0.00;0.00;0.00;0.00
alex-kral;Alex Král;0;22;70;59;11;233;174;10;1;0.00;0.00;0.00;0.00;0.00;0.00;0.00
alexander-sorloth;Alexander Sørloth;0;1;65;23;42;92;60;0;0;0.08;0.00;0.08;0.00;0.00;0.08;0.00
alfonso-1;Alfon González;0;1;29;28;1;41;31;0;0;0.00;0.00;0.00;0.00;0.00;0.00;0.00
a-espino;Alfonso Espino;0;16;61;52;9;84;49;5;0;0.00;0.00;0.00;0.00;0.00;0.00;0.00
ali-fadal;Ali Fadal;0;0;0;0;0;0;0;0;0;0.00;0.00;0.00;0.00;0.00;0.00;0.00
alvaro-abajas;Alvin Abajas;0;0;0;0;0;0;0;0;0;0.00;0.00;0.00;0.00;0.00;0.00;0.00
amath;Amath Ndiaye;0;1;26;22;4;62;44;4;0;0.00;0.00;0.00;0.00;0.00;0.00;0.00
ander-astralaga;Ander Astralaga;0;0;0;0;0;0;0;0;0;0.00;0.00;0.00;0.00;0.00;0.00;0.00
barrenetxea;Ander Barrenetxea;0;5;39;31;8;106;68;5;1;0.00;0.00;0.00;0.00;0.00;0.00;0.00
guevara;Ander Guevara;0;9;46;38;8;218;161;11;0;0.00;0.00;0.00;0.00;0.00;0.00;0.00
ander;Ander Herrera;0;6;24;22;2;145;128;3;0;0.00;0.00;0.00;0.00;0.00;0.00;0.00
gorosabel;Andoni Gorosabel;0;2;19;12;7;76;63;3;0;0.00;0.00;0.00;0.00;0.00;0.00;0.00
andreas-christensen;Andreas Christensen;0;0;2;1;1;16;14;0;0;0.00;0.00;0.00;0.00;0.00;0.00;0.00
andrei;Andrei Ratiu;0;12;56;47;9;239;193;7;1;0.11;0.11;0.00;0.00;0.11;0.00;0.00
lunin;Andrii Lunin;0;0;2;1;1;32;25;3;0;0.00;0.00;0.00;0.00;0.00;0.00;0.00
andre-almeida-1;Domingos André Ribeiro Almeida;3;11;40;33;7;185;154;7;1;0.00;0.00;0.00;0.00;0.00;0.00;0.00
andre-ferreira;André Filipe Magalhães Ribeiro Ferreira;0;0;0;0;0;0;0;0;0;0.00;0.00;0.00;0.00;0.00;0.00;0.00
andres-cuenca;Andrés Cuenca;0;0;0;0;0;0;0;0;0;0.00;0.00;0.00;0.00;0.00;0.00;0.00
ansu-fati;Ansu Fati;0;0;3;2;1;13;10;0;1;0.00;0.00;0.00;0.00;0.00;0.00;0.00
budimir;Ante Budimir;0;6;103;40;63;98;61;0;0;0.29;0.00;0.29;0.21;0.00;0.07;0.00
griezmann;Antoine Griezmann;18;5;46;35;11;328;235;17;3;0.33;0.17;0.17;0.33;0.00;0.00;0.17
antonio-blanco;Antonio Blanco;0;11;60;50;10;208;151;13;3;0.00;0.00;0.00;0.00;0.00;0.00;0.00
antonio-espigares;Antonio Espigares;0;0;0;0;0;0;0;0;0;0.00;0.00;0.00;0.00;0.00;0.00;0.00
antonio-gomis;Antonio Gomis;0;0;0;0;0;0;0;0;0;0.00;0.00;0.00;0.00;0.00;0.00;0.00
a-raillo;Antonio Raíllo;0;9;87;29;58;437;349;29;0;0.11;0.00;0.11;0.00;0.00;0.00;0.00
antonio-rudiger;Antonio Rüdiger;0;6;41;19;22;575;498;36;0;0.00;0.00;0.00;0.00;0.00;0.00;0.00
sivera;Antonio Sivera;0;0;1;1;0;244;51;86;0;0.00;0.00;0.00;0.00;0.00;0.00;0.00
sanchez;Antonio Sánchez;0;12;35;30;5;151;97;8;0;0.00;0.00;0.00;0.00;0.00;0.00;0.00
antoniu-roca;Antoniu Roca;0;3;9;9;0;7;4;0;0;0.00;0.00;0.00;0.00;0.00;0.00;0.00
a-tuhami;Anuar Tuhami;0;0;1;0;1;8;7;1;0;0.00;0.00;0.00;0.00;0.00;0.00;0.00
egoitz-arana;Egoitz Arana Aizpurua;0;0;0;0;0;0;0;0;0;0.00;0.00;0.00;0.00;0.00;0.00;0.00
arda-guler;Arda Güler;3;8;38;33;5;136;115;5;1;0.00;0.00;0.00;0.00;0.00;0.00;0.00
aridane-1;Aridane Hernández;0;0;0;0;0;0;0;0;0;0.00;0.00;0.00;0.00;0.00;0.00;0.00
arambarri-1;Aritz Arambarri;0;1;15;1;14;67;48;1;0;0.00;0.00;0.00;0.00;0.00;0.00;0.00
aritz;Aritz Elustondo;0;4;19;13;6;181;147;9;0;0.00;0.00;0.00;0.00;0.00;0.00;0.00
arnau-1;Arnau Martínez;0;9;27;20;7;321;288;9;2;0.00;0.00;0.00;0.00;0.00;0.00;0.00
arnau-rafus;Arnau Rafús;0;0;0;0;0;0;0;0;0;0.00;0.00;0.00;0.00;0.00;0.00;0.00
arnau-sola;Arnau Solà;0;0;0;0;0;0;0;0;0;0.00;0.00;0.00;0.00;0.00;0.00;0.00
arnaut-danjuma;Arnaut Danjuma;5;7;38;35;3;109;85;6;0;0.29;0.00;0.29;0.14;0.14;0.00;0.00
arthur-vermeeren;Arthur Vermeeren;0;0;0;0;0;0;0;0;0;0.00;0.00;0.00;0.00;0.00;0.00;0.00
villalibre;Asier Villalibre;0;0;18;11;7;28;18;2;0;0.25;0.00;0.25;0.25;0.00;0.00;0.00
assane-diao;Assane Diao;0;3;23;17;6;26;21;0;0;0.00;0.00;0.00;0.00;0.00;0.00;0.00
augusto-batalla;Augusto Batalla;0;0;6;5;1;141;60;30;0;0.00;0.00;0.00;0.00;0.00;0.00;0.00
aurelien-tchouameni;Aurélien Tchouaméni;0;15;64;42;22;561;498;21;0;0.00;0.00;0.00;0.00;0.00;0.00;0.00
axel-witsel;Axel Witsel;0;2;21;6;15;195;171;8;0;0.00;0.00;0.00;0.00;0.00;0.00;0.00
ayoze-perez;Ayoze Pérez;0;4;52;45;7;89;72;1;2;0.43;0.07;0.36;0.07;0.29;0.07;0.00
b-ramirez;Benito Ramírez;0;2;26;19;7;122;103;2;0;0.00;0.00;0.00;0.00;0.00;0.00;0.00
bertug-yildirim;Bertug Yildirim;0;4;83;38;45;61;32;2;0;0.25;0.00;0.25;0.00;0.00;0.25;0.00
benat-prados;Beñat Prados;0;8;50;38;12;214;172;1;2;0.50;0.00;0.50;0.00;0.00;0.50;0.00
benat-turrientes;Beñat Turrientes;7;10;55;43;12;188;164;7;0;0.00;0.00;0.00;0.00;0.00;0.00;0.00
bojan-miovski;Bojan Miovski;0;2;11;9;2;22;20;0;0;0.00;0.00;0.00;0.00;0.00;0.00;0.00
b-iglesias;Borja Iglesias;0;3;42;34;8;99;75;2;1;0.44;0.00;0.44;0.11;0.22;0.11;0.00
b-mayoral;Borja Mayoral;0;1;23;10;13;32;18;2;0;0.33;0.00;0.33;0.00;0.33;0.00;0.00
brahim;Brahim Díaz;0;2;22;21;1;70;60;1;2;1.00;0.00;1.00;1.00;0.00;0.00;0.00
brais-mendez;Brais Méndez;1;4;57;50;7;158;126;4;0;0.13;0.00;0.13;0.00;0.13;0.00;0.00
b-olivan;Brian Oliván;4;3;11;8;3;67;50;2;0;0.00;0.00;0.00;0.00;0.00;0.00;0.00
bryan;Bryan Gil;2;14;81;79;2;203;183;2;0;0.08;0.00;0.08;0.08;0.00;0.00;0.00
bryan-zaragoza;Bryan Zaragoza;3;9;76;72;4;104;59;8;1;0.11;0.00;0.11;0.00;0.11;0.00;0.00
carl-starfelt;Carl Starfelt;0;4;39;13;26;441;408;12;0;0.50;0.00;0.50;0.00;0.00;0.50;0.00
alena;Carles Aleñá;1;6;44;28;16;75;58;5;0;0.00;0.00;0.00;0.00;0.00;0.00;0.00
c-perez;Carles Pérez;3;14;95;81;14;99;63;3;1;0.00;0.00;0.00;0.00;0.00;0.00;0.00
carlos-benavidez;Carlos Benavídez;0;5;28;20;8;92;63;8;1;0.50;0.50;0.00;0.50;0.00;0.00;0.00
c-dominguez;Carlos Domínguez;0;7;28;15;13;297;249;12;0;0.00;0.00;0.00;0.00;0.00;0.00;0.00
carlos-guirao;Carlos Guirao;0;0;0;0;0;0;0;0;0;0.00;0.00;0.00;0.00;0.00;0.00;0.00
carlos-martin;Carlos Martín;0;5;27;22;5;36;19;1;0;1.00;0.00;1.00;0.00;0.00;0.00;0.00
carlos-romero;Carlos Romero;9;19;67;59;8;236;171;3;0;0.17;0.00;0.17;0.17;0.00;0.00;0.00
carlos-vicente;Carlos Vicente;22;10;75;62;13;153;108;4;1;0.25;0.00;0.25;0.13;0.13;0.00;0.00
catala;José Luis Català Vázquez;0;0;0;0;0;0;0;0;0;0.00;0.00;0.00;0.00;0.00;0.00;0.00
cenk-ozkacar;Cenk Özkacar;0;2;5;5;0;63;58;3;0;0.00;0.00;0.00;0.00;0.00;0.00;0.00
chema-andres;José María Andres Baixauli;0;0;0;0;0;0;0;0;0;0.00;0.00;0.00;0.00;0.00;0.00;0.00
chidera-ejuke;Chidera Ejuke;17;5;81;76;5;232;184;9;1;0.11;0.00;0.11;0.00;0.11;0.00;0.00
chimy-avila;Chimy Ávila;0;3;28;23;5;76;55;4;0;0.00;0.00;0.00;0.00;0.00;0.00;0.00
chiquinho-1;Francisco Jorge Tavares Oliveira;4;1;23;19;4;11;8;0;0;0.00;0.00;0.00;0.00;0.00;0.00;0.00
christantus-uche;Christantus Uche;0;8;149;100;49;156;106;3;0;0.11;0.00;0.11;0.00;0.00;0.11;0.00
ivan-cantalejo;Iván Cantalejo;0;1;8;7;1;7;5;0;0;0.00;0.00;0.00;0.00;0.00;0.00;0.00
lenglet;Clément Lenglet;0;0;7;6;1;38;29;1;0;0.00;0.00;0.00;0.00;0.00;0.00;0.00
coba-da-costa;Coba da Costa;0;0;0;0;0;0;0;0;0;0.00;0.00;0.00;0.00;0.00;0.00;0.00
conor-gallagher;Conor Gallagher;0;18;70;56;14;219;181;3;0;0.50;0.25;0.25;0.00;0.50;0.00;0.00
copete;José Manuel Arias Copete;0;7;27;15;12;159;129;10;0;0.00;0.00;0.00;0.00;0.00;0.00;0.00
cristhian-mosquera;Cristhian Mosquera;0;6;45;21;24;484;409;24;0;0.00;0.00;0.00;0.00;0.00;0.00;0.00
stuani;Cristhian Stuani;0;0;6;2;4;10;5;0;0;0.43;0.00;0.43;0.00;0.43;0.00;0.00
cyle-larin;Cyle Larin;0;2;75;37;38;86;60;2;0;0.33;0.00;0.33;0.00;0.33;0.00;0.00
bakambu;Cédric Bakambu;0;0;13;4;9;20;12;0;0;0.00;0.00;0.00;0.00;0.00;0.00;0.00
cesar-azpilicueta;César Azpilicueta;0;8;31;20;11;276;233;11;1;0.00;0.00;0.00;0.00;0.00;0.00;0.00
cesar-gonzalez;César Fernández;0;0;0;0;0;0;0;0;0;0.00;0.00;0.00;0.00;0.00;0.00;0.00
cesar-tarrega;César Tárrega;0;8;44;19;25;327;247;15;0;0.00;0.00;0.00;0.00;0.00;0.00;0.00
c-de-la-hoz;César de la Hoz;0;0;0;0;0;0;0;0;0;0.00;0.00;0.00;0.00;0.00;0.00;0.00
daley-blind;Daley Blind;0;15;41;33;8;667;571;42;1;0.00;0.00;0.00;0.00;0.00;0.00;0.00
daley-sinkgraven;Daley Sinkgraven;0;5;14;13;1;57;44;1;0;0.00;0.00;0.00;0.00;0.00;0.00;0.00
damian-rodriguez;Damián Rodríguez;17;7;33;30;3;390;334;19;0;0.00;0.00;0.00;0.00;0.00;0.00;0.00
carvajal;Dani Carvajal;0;12;47;35;12;402;342;12;0;0.50;0.00;0.50;0.00;0.50;0.00;0.00
d-ceballos;Dani Ceballos;1;4;13;13;0;61;54;0;0;0.00;0.00;0.00;0.00;0.00;0.00;0.00
cardenas;Dani Cárdenas;0;0;1;0;1;89;23;21;0;0.00;0.00;0.00;0.00;0.00;0.00;0.00
dani-gomez-1;Dani Gómez;0;2;28;16;12;43;32;0;0;0.20;0.20;0.00;0.00;0.20;0.00;0.00
dani-olmo;Dani Olmo;0;3;28;26;2;83;68;3;3;0.38;0.00;0.38;0.13;0.25;0.00;0.00
parejo;Dani Parejo;3;9;39;32;7;366;306;25;0;0.33;0.00;0.33;0.33;0.00;0.00;0.00
dani-raba;Dani Raba;0;6;24;22;2;35;22;3;0;0.00;0.00;0.00;0.00;0.00;0.00;0.00
dani-rodriguez;Dani Rodríguez;20;14;60;44;16;165;119;10;4;0.33;0.00;0.33;0.00;0.17;0.17;0.00
vivian;Dani Vivian;0;11;55;29;26;382;311;19;1;0.33;0.00;0.33;0.00;0.33;0.00;0.00
daniel-luna;Daniel Luna;0;0;0;0;0;0;0;0;0;0.00;0.00;0.00;0.00;0.00;0.00;0.00
daniel-requena;Daniel Requena;0;0;0;0;0;0;0;0;0;0.00;0.00;0.00;0.00;0.00;0.00;0.00
darko;Darko Brasanac;0;8;54;30;24;167;117;7;0;0.00;0.00;0.00;0.00;0.00;0.00;0.00
d-machis;Darwin Machís;9;0;16;15;1;75;46;4;0;0.00;0.00;0.00;0.00;0.00;0.00;0.00
david-2;David Argüelles;0;0;0;0;0;0;0;0;0;0.00;0.00;0.00;0.00;0.00;0.00;0.00
david-jimenez-1;David Jiménez;0;0;0;0;0;0;0;0;0;0.00;0.00;0.00;0.00;0.00;0.00;0.00
david-lopez;David López;0;4;35;19;16;598;520;28;0;0.00;0.00;0.00;0.00;0.00;0.00;0.00
david-otorbi;David Otorbi;0;0;0;0;0;4;2;0;0;0.00;0.00;0.00;0.00;0.00;0.00;0.00
david-soria;David Soria;0;1;3;1;2;171;26;48;0;0.00;0.00;0.00;0.00;0.00;0.00;0.00
david-torres-1;David Torres;0;2;22;7;15;157;122;8;0;0.00;0.00;0.00;0.00;0.00;0.00;0.00
denis-suarez;Denis Suárez;0;1;6;6;0;21;15;1;0;0.00;0.00;0.00;0.00;0.00;0.00;0.00
diego-conde;Diego Conde;0;2;4;4;0;200;112;43;0;0.00;0.00;0.00;0.00;0.00;0.00;0.00
diego-ferrer;Diego Ferrer;0;0;0;0;0;0;0;0;0;0.00;0.00;0.00;0.00;0.00;0.00;0.00
diego-garcia-2;Diego García;0;0;22;6;16;21;11;1;0;0.00;0.00;0.00;0.00;0.00;0.00;0.00
diego-kochen;Diego Kochen;0;0;0;0;0;0;0;0;0;0.00;0.00;0.00;0.00;0.00;0.00;0.00
llorente-r;Diego Llorente;0;12;69;39;30;548;448;19;0;0.00;0.00;0.00;0.00;0.00;0.00;0.00
diego-lopez-noguerol;Diego López;0;5;59;46;13;187;138;5;0;0.25;0.00;0.25;0.00;0.00;0.25;0.00
rico;Diego Rico;5;28;82;65;17;240;129;15;0;0.00;0.00;0.00;0.00;0.00;0.00;0.00
foulquier;Dimitri Foulquier;0;13;47;43;4;162;113;10;0;0.00;0.00;0.00;0.00;0.00;0.00;0.00
dimitrios-stamatakis;Dimitrios Stamatakis;0;0;0;0;0;0;0;0;0;0.00;0.00;0.00;0.00;0.00;0.00;0.00
dinko-horkas;Dinko Horkas;0;0;1;1;0;73;53;11;0;0.00;0.00;0.00;0.00;0.00;0.00;0.00
djene;Djené Dakonam;0;4;55;32;23;202;133;13;0;0.00;0.00;0.00;0.00;0.00;0.00;0.00
djibril-sow;Djibril Sow;2;5;32;27;5;177;153;8;0;0.00;0.00;0.00;0.00;0.00;0.00;0.00
djordjije-medenica;Djordjije Medenica;0;0;0;0;0;0;0;0;0;0.00;0.00;0.00;0.00;0.00;0.00;0.00
dodi-lukebakio;Dodi Lukébakio;14;5;76;70;6;182;140;2;1;0.16;0.00;0.16;0.11;0.05;0.00;0.00
domingos-d;Domingos de Sousa Coutinho Meneses Duarte;0;0;0;0;0;0;0;0;0;0.00;0.00;0.00;0.00;0.00;0.00;0.00
dominik-greif;Dominik Greif;0;0;1;0;1;152;67;31;0;0.00;0.00;0.00;0.00;0.00;0.00;0.00
donny-van-de-beek;Donny van de Beek;0;3;13;12;1;85;66;4;2;0.00;0.00;0.00;0.00;0.00;0.00;0.00
dario-essugo;Dário Cassia Luís Essugo;0;8;35;27;8;243;210;10;2;0.00;0.00;0.00;0.00;0.00;0.00;0.00
eduardo-camavinga;Eduardo Camavinga;0;4;10;9;1;68;59;2;0;0.00;0.00;0.00;0.00;0.00;0.00;0.00
endrick;Endrick Felipe Moreira de Sousa;0;0;10;7;3;18;13;1;0;0.14;0.00;0.14;0.00;0.14;0.00;0.00
eneko-ortiz;Eneko Ortiz;0;0;0;0;0;0;0;0;0;0.00;0.00;0.00;0.00;0.00;0.00;0.00
franquesa;Enric Franquesa;0;12;39;32;7;90;66;2;0;0.33;0.00;0.33;0.33;0.00;0.00;0.00
enzo-barrenechea;Enzo Barrenechea;0;5;25;19;6;115;88;6;0;0.00;0.00;0.00;0.00;0.00;0.00;0.00
boyomo;Enzo Boyomo;0;20;63;41;22;411;343;14;0;0.33;0.00;0.33;0.00;0.33;0.00;0.00
loiodice;Enzo Loiodice;5;2;25;20;5;173;139;4;0;0.00;0.00;0.00;0.00;0.00;0.00;0.00
eray-ervin-cumart;Eray Cömert;0;8;42;27;15;250;193;22;0;0.00;0.00;0.00;0.00;0.00;0.00;0.00
eric-bailly;Eric Bailly;0;9;28;19;9;251;212;12;0;0.00;0.00;0.00;0.00;0.00;0.00;0.00
eric-garcia;Eric García;0;10;47;25;22;289;253;10;1;0.00;0.00;0.00;0.00;0.00;0.00;0.00
etienne-etoo-pineda;Etienne Eto'o Pineda;0;0;0;0;0;0;0;0;0;0.00;0.00;0.00;0.00;0.00;0.00;0.00
etta-eyong;Etta Eyong;0;0;0;0;0;0;0;0;0;0.00;0.00;0.00;0.00;0.00;0.00;0.00
fabio;Fabio González;0;0;3;2;1;50;39;3;0;0.00;0.00;0.00;0.00;0.00;0.00;0.00
valverde-1;Federico Valverde;0;16;50;38;12;602;521;34;1;0.20;0.20;0.00;0.00;0.20;0.00;0.10
f-mendy;Ferland Mendy;0;14;35;32;3;348;316;14;0;0.00;0.00;0.00;0.00;0.00;0.00;0.00
fermin-lopez;Fermín López;0;2;12;11;1;24;22;2;0;0.00;0.00;0.00;0.00;0.00;0.00;0.00
calero;Fernando Calero;0;4;14;9;5;101;71;14;0;0.00;0.00;0.00;0.00;0.00;0.00;0.00
pacheco-2;Fernando Pacheco;0;0;0;0;0;0;0;0;0;0.00;0.00;0.00;0.00;0.00;0.00;0.00
ferran;Ferran Torres;4;3;21;18;3;96;74;2;0;0.17;0.00;0.17;0.00;0.17;0.00;0.00
lejeune;Florian Lejeune;0;12;66;32;34;413;293;44;0;0.00;0.00;0.00;0.00;0.00;0.00;0.00
fran-beltran;Fran Beltrán;0;11;43;35;8;308;269;13;2;0.33;0.33;0.00;0.00;0.33;0.00;0.00
fran-garcia-1;Fran García;0;5;20;17;3;164;149;5;0;0.00;0.00;0.00;0.00;0.00;0.00;0.00
francisco-gonzalez;Francisco Javier González Pérez;0;0;0;0;0;0;0;0;0;0.00;0.00;0.00;0.00;0.00;0.00;0.00
francisco-martinez-1;Fran Pérez;0;1;5;3;2;5;2;1;0;0.00;0.00;0.00;0.00;0.00;0.00;0.00
f-vieites;Francisco Barbosa Vieites;0;0;0;0;0;0;0;0;0;0.00;0.00;0.00;0.00;0.00;0.00;0.00
franco-cervi;Franco Cervi;0;0;3;2;1;5;4;0;0;0.00;0.00;0.00;0.00;0.00;0.00;0.00
f-de-jong;Frenkie de Jong;0;0;0;0;0;3;1;1;0;0.00;0.00;0.00;0.00;0.00;0.00;0.00
fabio-silva;Fábio Daniel Soares Silva;0;5;51;44;7;89;63;3;0;0.09;0.00;0.09;0.00;0.09;0.00;0.00
gabriel-misehouy;Gabriel Misehouy;2;0;2;2;0;24;23;0;0;0.33;0.00;0.33;0.00;0.33;0.00;0.00
gumbau;Gerard Gumbau;5;8;31;19;12;76;51;4;0;0.00;0.00;0.00;0.00;0.00;0.00;0.00
gerard-2;Gerard Martín;0;5;22;17;5;167;139;4;0;0.00;0.00;0.00;0.00;0.00;0.00;0.00
gerard;Gerard Moreno;0;2;10;8;2;47;35;3;0;0.00;0.00;0.00;0.00;0.00;0.00;0.00
german-valera;Germán Valera;0;0;2;2;0;9;8;0;0;0.00;0.00;0.00;0.00;0.00;0.00;0.00
giorgi-mamardashvili;Giorgi Mamardashvili;0;0;4;1;3;237;116;38;0;0.00;0.00;0.00;0.00;0.00;0.00;0.00
lo-celso;Giovani Lo Celso;25;10;76;71;5;264;209;18;5;0.31;0.13;0.19;0.31;0.00;0.00;0.00
giuliano-simeone;Giuliano Simeone;0;2;11;11;0;21;13;0;1;0.00;0.00;0.00;0.00;0.00;0.00;0.00
gonzalo-montiel;Gonzalo Montiel;0;0;0;0;0;1;1;0;0;0.00;0.00;0.00;0.00;0.00;0.00;0.00
guruzeta;Gorka Guruzeta;0;3;75;40;35;121;87;4;0;0.20;0.00;0.20;0.00;0.10;0.10;0.00
gorka-rivera;Gorka Rivera;0;2;6;5;1;6;2;0;0;0.00;0.00;0.00;0.00;0.00;0.00;0.00
guille-fernandez;Guille Fernández;0;0;0;0;0;0;0;0;0;0.00;0.00;0.00;0.00;0.00;0.00;0.00
guillem-trilla;Guillem Trilla;0;0;0;0;0;0;0;0;0;0.00;0.00;0.00;0.00;0.00;0.00;0.00
hamari-traore;Hamari Traoré;0;11;35;24;11;154;118;9;0;0.00;0.00;0.00;0.00;0.00;0.00;0.00
horatiu-moldovan;Horatiu Moldovan;0;0;0;0;0;0;0;0;0;0.00;0.00;0.00;0.00;0.00;0.00;0.00
hugo-duro;Hugo Duro;0;4;74;37;37;92;67;1;0;0.22;0.00;0.22;0.11;0.00;0.11;0.00
hugo-g;Hugo Guillamón;0;6;25;18;7;149;112;6;0;0.00;0.00;0.00;0.00;0.00;0.00;0.00
hugo-novoa;Hugo Novoa;0;8;27;19;8;46;34;3;0;0.00;0.00;0.00;0.00;0.00;0.00;0.00
hugo-sotelo;Hugo Sotelo;7;5;16;14;2;226;191;13;0;0.00;0.00;0.00;0.00;0.00;0.00;0.00
hugo-alvarez-1;Hugo Álvarez;4;14;82;78;4;364;293;5;0;0.33;0.00;0.33;0.33;0.00;0.00;0.00
hector-bellerin;Héctor Bellerín;0;11;33;25;8;212;166;10;2;0.00;0.00;0.00;0.00;0.00;0.00;0.00
hector-fort;Héctor Fort;0;3;8;7;1;94;87;1;0;0.00;0.00;0.00;0.00;0.00;0.00;0.00
iago-aspas;Iago Aspas;2;6;56;52;4;254;171;23;8;0.27;0.07;0.20;0.27;0.00;0.00;0.00
zubeldia;Igor Zubeldia;0;5;65;19;46;429;362;13;1;0.00;0.00;0.00;0.00;0.00;0.00;0.00
iker-almena;Iker Almena;0;0;5;5;0;26;21;0;0;0.00;0.00;0.00;0.00;0.00;0.00;0.00
iker-benito;Iker Benito;0;0;5;4;1;11;9;0;0;0.00;0.00;0.00;0.00;0.00;0.00;0.00
iker-cordoba;Iker Córdoba;0;0;0;0;0;0;0;0;0;0.00;0.00;0.00;0.00;0.00;0.00;0.00
losada;Iker Losada;0;5;14;11;3;49;34;0;0;0.00;0.00;0.00;0.00;0.00;0.00;0.00
iker-munoz;Iker Muñoz;0;0;4;1;3;28;18;1;0;0.00;0.00;0.00;0.00;0.00;0.00;0.00
iker-alvarez;Iker Álvarez;0;0;0;0;0;0;0;0;0;0.00;0.00;0.00;0.00;0.00;0.00;0.00
ilaix;Ilaix Moriba;0;7;42;34;8;162;138;10;1;0.00;0.00;0.00;0.00;0.00;0.00;0.00
ilias-akhomach;Ilias Akhomach;2;12;71;65;6;103;79;5;1;0.00;0.00;0.00;0.00;0.00;0.00;0.00
ilias-kostis;Ilias Kostis;0;0;0;0;0;0;0;0;0;0.00;0.00;0.00;0.00;0.00;0.00;0.00
irvin-cardona;Irvin Cardona;0;5;31;24;7;59;38;3;1;0.00;0.00;0.00;0.00;0.00;0.00;0.00
isaac-romero;Isaac Romero;0;2;66;41;25;86;69;3;1;0.00;0.00;0.00;0.00;0.00;0.00;0.00
isi-2;Isi Palazón;13;5;73;63;10;152;116;7;1;0.13;0.00;0.13;0.13;0.00;0.00;0.00
balliu;Iván Balliu;0;9;48;29;19;169;122;6;0;0.00;0.00;0.00;0.00;0.00;0.00;0.00
cuellar;Iván Cuéllar;0;0;0;0;0;0;0;0;0;0.00;0.00;0.00;0.00;0.00;0.00;0.00
ivan-gil;Iván Gil;0;0;0;0;0;0;0;0;0;0.00;0.00;0.00;0.00;0.00;0.00;0.00
ivan-martin;Iván Martín;0;12;53;50;3;455;409;7;1;1.00;0.00;1.00;0.00;1.00;0.00;0.00
i-sanchez;Iván Sánchez Aguayo;7;10;52;46;6;122;89;17;1;0.25;0.25;0.00;0.25;0.00;0.00;0.00
ivan-villar;Iván Villar;0;0;2;0;2;102;75;5;0;0.00;0.00;0.00;0.00;0.00;0.00;0.00
inaki-pena;Ignacio Peña Sotorres;0;0;3;2;1;145;109;14;0;0.00;0.00;0.00;0.00;0.00;0.00;0.00
williams;Iñaki Williams;0;3;95;70;25;172;115;1;2;0.13;0.00;0.13;0.13;0.00;0.00;0.00
i-martinez;Íñigo Martínez;0;7;42;18;24;695;604;40;0;0.00;0.00;0.00;0.00;0.00;0.00;0.00
jackson-porozo;Jackson Porozo;0;0;0;0;0;0;0;0;0;0.00;0.00;0.00;0.00;0.00;0.00;0.00
jacobo-ramon;Jacobo Ramón;0;0;0;0;0;0;0;0;0;0.00;0.00;0.00;0.00;0.00;0.00;0.00
jailson;Jailson Marques Siqueira;0;7;40;23;17;350;308;8;0;0.00;0.00;0.00;0.00;0.00;0.00;0.00
mata;Jaime Mata;0;1;26;17;9;44;30;3;0;0.00;0.00;0.00;0.00;0.00;0.00;0.00
james-1;James Rodríguez;5;3;17;14;3;50;41;4;0;0.00;0.00;0.00;0.00;0.00;0.00;0.00
oblak;Jan Oblak;0;0;2;1;1;178;104;31;0;0.00;0.00;0.00;0.00;0.00;0.00;0.00
jan-salas;Jan Salas;0;0;0;0;0;0;0;0;0;0.00;0.00;0.00;0.00;0.00;0.00;0.00
cillessen;Jasper Cillessen;0;0;0;0;0;253;161;30;0;0.00;0.00;0.00;0.00;0.00;0.00;0.00
javi-galan;Javi Galán;0;4;20;16;4;37;22;3;1;0.00;0.00;0.00;0.00;0.00;0.00;0.00
javier-guerra;Javi Guerra;0;9;47;41;6;139;102;4;1;0.00;0.00;0.00;0.00;0.00;0.00;0.00
javi-hdez;Javi Hernández;0;12;65;57;8;221;165;8;1;0.00;0.00;0.00;0.00;0.00;0.00;0.00
javi-lopez-4;Javi López;0;12;48;41;7;222;182;14;0;0.00;0.00;0.00;0.00;0.00;0.00;0.00
javi-martinez-2;Javi Martínez;0;0;0;0;0;9;9;0;0;0.00;0.00;0.00;0.00;0.00;0.00;0.00
javi-munoz;Javi Muñoz;0;10;49;42;7;334;259;15;2;0.00;0.00;0.00;0.00;0.00;0.00;0.00
puado;Javi Puado;0;6;46;36;10;150;118;3;2;0.23;0.00;0.23;0.08;0.08;0.08;0.00
javier-rodriguez-1;Javi Rodríguez;0;8;38;24;14;392;328;17;1;0.00;0.00;0.00;0.00;0.00;0.00;0.00
javier-serrano;Javi Serrano;0;0;0;0;0;0;0;0;0;0.00;0.00;0.00;0.00;0.00;0.00;0.00
javi-sanchez-1;Javi Sánchez de Felipe;0;2;17;5;12;147;115;15;0;0.00;0.00;0.00;0.00;0.00;0.00;0.00
manquillo;Javier Manquillo;0;3;14;10;4;186;167;2;1;0.00;0.00;0.00;0.00;0.00;0.00;0.00
javier-marton;Javier Martón;0;0;2;0;2;4;3;0;0;0.00;0.00;0.00;0.00;0.00;0.00;0.00
areso;Jesús Areso;0;9;55;46;9;240;181;9;0;0.00;0.00;0.00;0.00;0.00;0.00;0.00
j-navas;Jesús Navas;0;3;21;13;8;95;79;1;0;0.50;0.00;0.50;0.00;0.50;0.00;0.00
jesus-owono;Jesús Owono;0;0;0;0;0;0;0;0;0;0.00;0.00;0.00;0.00;0.00;0.00;0.00
jesus-rodriguez;Jesús Rodriguez;0;0;0;0;0;0;0;0;0;0.00;0.00;0.00;0.00;0.00;0.00;0.00
vallejo;Jesús Vallejo;0;0;1;0;1;14;12;0;0;0.00;0.00;0.00;0.00;0.00;0.00;0.00
j-vazquez-1;Jesús Vázquez;0;16;77;64;13;184;130;6;0;0.00;0.00;0.00;0.00;0.00;0.00;0.00
jhon-solis;Jhon Solís;0;4;33;29;4;166;150;2;0;0.00;0.00;0.00;0.00;0.00;0.00;0.00
jiri-letacek;Jirí Letácek;0;0;0;0;0;0;0;0;0;0.00;0.00;0.00;0.00;0.00;0.00;0.00
j-garcia;Joan García;0;0;8;1;7;267;115;55;0;0.00;0.00;0.00;0.00;0.00;0.00;0.00
jordan;Joan Jordán;7;8;25;20;5;111;62;16;0;0.00;0.00;0.00;0.00;0.00;0.00;0.00
joaquin-panichelli;Joaquín Panichelli;0;0;0;0;0;0;0;0;0;0.00;0.00;0.00;0.00;0.00;0.00;0.00
casals;Joel Roca;0;0;0;0;0;0;0;0;0;0.00;0.00;0.00;0.00;0.00;0.00;0.00
j-carreras;Jofre Carreras;0;3;63;62;1;124;91;5;1;0.33;0.33;0.00;0.00;0.33;0.00;0.00
j-mojica;Johan Mojica;0;10;55;50;5;275;199;22;0;0.00;0.00;0.00;0.00;0.00;0.00;0.00
j-patrick;John Patrick;0;0;6;3;3;7;5;0;0;0.00;0.00;0.00;0.00;0.00;0.00;0.00
joao-cardoso;Johnny Cardoso;0;8;36;33;3;116;96;4;0;0.00;0.00;0.00;0.00;0.00;0.00;0.00
jon-aramburu;Jon Aramburu;0;24;63;47;16;234;186;6;0;0.00;0.00;0.00;0.00;0.00;0.00;0.00
guridi;Jon Guridi;0;6;34;23;11;149;113;5;1;0.00;0.00;0.00;0.00;0.00;0.00;0.00
jon-magunacelaya;Jon Magunazelaia;0;1;5;2;3;12;7;0;1;0.00;0.00;0.00;0.00;0.00;0.00;0.00
jon-martin;Jon Martín;0;0;16;6;10;30;18;2;0;0.00;0.00;0.00;0.00;0.00;0.00;0.00
moncayola;Jon Moncayola;15;22;53;44;9;176;120;9;0;0.00;0.00;0.00;0.00;0.00;0.00;0.00
jon-ander-olasagasti;Jon Olasagasti;0;2;8;6;2;27;24;0;0;0.00;0.00;0.00;0.00;0.00;0.00;0.00
pacheco-3;Jon Pacheco;0;3;29;15;14;229;188;12;0;0.00;0.00;0.00;0.00;0.00;0.00;0.00
jonathan-bamba;Jonathan Bamba;0;4;32;29;3;103;83;2;3;0.00;0.00;0.00;0.00;0.00;0.00;0.00
herrando;Jorge Herrando;0;2;18;5;13;175;127;5;0;0.00;0.00;0.00;0.00;0.00;0.00;0.00
jorge-saenz;Jorge Sáenz;0;13;53;29;24;325;239;28;0;1.00;0.00;1.00;0.00;1.00;0.00;0.00
de-frutos-1;Jorge de Frutos;0;13;83;79;4;153;112;3;1;0.33;0.00;0.33;0.00;0.33;0.00;0.00
aidoo-jr;Joseph Aidoo;0;1;2;2;0;7;6;0;0;0.00;0.00;0.00;0.00;0.00;0.00;0.00
jose-arnaiz;José Arnáiz;0;1;6;6;0;4;2;0;0;0.00;0.00;0.00;0.00;0.00;0.00;0.00
j-g-campana;José Ángel Gómez Campaña;5;3;20;16;4;194;165;12;0;0.00;0.00;0.00;0.00;0.00;0.00;0.00
j-m-gimenez;José Giménez;0;7;28;18;10;436;351;47;0;0.00;0.00;0.00;0.00;0.00;0.00;0.00
gragera;José Gragera;0;24;77;61;16;196;168;4;0;0.00;0.00;0.00;0.00;0.00;0.00;0.00
jose-angel-carmona;José Ángel Carmona;0;27;87;70;17;429;348;13;0;0.00;0.00;0.00;0.00;0.00;0.00;0.00
joao-urbaez;João Urbáez;0;0;0;0;0;0;0;0;0;0.00;0.00;0.00;0.00;0.00;0.00;0.00
juan-bernat;Juan Bernat;0;2;7;7;0;16;14;0;0;0.00;0.00;0.00;0.00;0.00;0.00;0.00
j-berrocal;Juan Berrocal;0;8;42;14;28;127;79;10;0;0.00;0.00;0.00;0.00;0.00;0.00;0.00
juan-carlos-1;Juan Carlos Martín Corral;0;0;0;0;0;0;0;0;0;0.00;0.00;0.00;0.00;0.00;0.00;0.00
juan-cruz;Juan Cruz;8;6;52;45;7;154;103;6;3;0.30;0.10;0.20;0.30;0.00;0.00;0.00
juan-cruz-1;Juan Cruz Álvaro Armada;0;2;9;8;1;65;51;2;0;0.00;0.00;0.00;0.00;0.00;0.00;0.00
juan-herzog;Juan Herzog;0;2;22;7;15;242;209;11;0;0.00;0.00;0.00;0.00;0.00;0.00;0.00
iglesias;Juan Iglesias;0;26;94;74;20;192;87;16;0;0.00;0.00;0.00;0.00;0.00;0.00;0.00
juan-musso;Juan Musso;0;0;1;0;1;23;17;1;0;0.00;0.00;0.00;0.00;0.00;0.00;0.00
juan-soriano;Juan Soriano;0;1;4;4;0;165;42;36;0;0.00;0.00;0.00;0.00;0.00;0.00;0.00
juanlu-1;Juanlu Sánchez;0;6;20;18;2;84;70;1;0;0.50;0.00;0.50;0.00;0.50;0.00;0.00
juanmi;Juan Miguel Jiménez López;0;6;28;23;5;34;25;1;0;0.00;0.00;0.00;0.00;0.00;0.00;0.00
juan-latasa;Juanmi Latasa;0;1;91;39;52;75;44;2;0;0.00;0.00;0.00;0.00;0.00;0.00;0.00
juanpe-rl;Juan Pedro Ramírez López;0;1;4;2;2;88;81;4;0;0.00;0.00;0.00;0.00;0.00;0.00;0.00
jude-bellingham;Jude Bellingham;0;14;46;38;8;326;286;10;3;0.00;0.00;0.00;0.00;0.00;0.00;0.00
julen-agirrezabala;Julen Agirrezabala;0;0;7;4;3;134;56;28;0;0.00;0.00;0.00;0.00;0.00;0.00;0.00
julen-lartitegi;Julen Lartitegi;0;0;0;0;0;0;0;0;0;0.00;0.00;0.00;0.00;0.00;0.00;0.00
kounde;Jules Koundé;0;17;67;53;14;514;439;19;3;0.25;0.00;0.25;0.00;0.25;0.00;0.00
julian-alvarez;Julián Álvarez;0;2;35;21;14;138;100;4;0;0.27;0.00;0.27;0.18;0.09;0.00;0.00
julian-chicco;Julián Chicco;0;6;18;16;2;46;36;2;0;0.00;0.00;0.00;0.00;0.00;0.00;0.00
juma-bah;Juma Bah;0;4;23;13;10;103;76;6;0;0.00;0.00;0.00;0.00;0.00;0.00;0.00
karl-hein;Karl Hein;0;0;3;2;1;278;151;51;0;0.00;0.00;0.00;0.00;0.00;0.00;0.00
kelechi-iheanacho;Kelechi Iheanacho;0;1;16;11;5;46;34;1;0;0.00;0.00;0.00;0.00;0.00;0.00;0.00
kenedy;Robert Kenedy Nunes do Nascimento;0;0;2;2;0;2;1;0;0;0.00;0.00;0.00;0.00;0.00;0.00;0.00
kike-g;Kike García;0;2;69;33;36;80;53;6;1;0.22;0.00;0.22;0.11;0.00;0.11;0.00
kike-1;Kike Pérez;2;18;74;63;11;217;172;12;1;0.17;0.00;0.17;0.17;0.00;0.00;0.00
kike-salas;Kike Salas;0;4;32;8;24;192;151;6;0;0.00;0.00;0.00;0.00;0.00;0.00;0.00
kiko-femenia;Kiko Femenía;0;18;56;50;6;456;395;22;0;0.00;0.00;0.00;0.00;0.00;0.00;0.00
kirian;Kirian Rodríguez;2;12;57;49;8;558;461;23;3;0.00;0.00;0.00;0.00;0.00;0.00;0.00
koke-5;Jorge Iglesias González;0;0;0;0;0;0;0;0;0;0.00;0.00;0.00;0.00;0.00;0.00;0.00
koke;Jorge Resurrección Merodio;2;14;50;40;10;454;363;22;0;0.50;0.00;0.50;0.00;0.50;0.00;0.00
kylian-mbappe-lottin;Kylian Mbappé;1;1;71;68;3;227;178;11;0;0.17;0.00;0.17;0.03;0.14;0.00;0.00
ladislav-krejci-ii;Ladislav Krejcí;0;2;19;9;10;282;243;10;0;0.00;0.00;0.00;0.00;0.00;0.00;0.00
gonzalo-aguilar;Lalo Aguilar;0;0;0;0;0;0;0;0;0;0.00;0.00;0.00;0.00;0.00;0.00;0.00
lamine-yamal;Lamine Yamal Nasraoui Ebana;1;16;122;121;1;315;248;8;5;0.25;0.13;0.13;0.25;0.00;0.00;0.00
cabrera;Leandro Cabrera;0;6;28;9;19;242;160;17;0;0.00;0.00;0.00;0.00;0.00;0.00;0.00
leo-1;Leo Román;0;0;0;0;0;95;31;24;0;0.00;0.00;0.00;0.00;0.00;0.00;0.00
logan-costa;Logan Evans Costa;0;4;21;7;14;300;244;17;0;0.50;0.00;0.50;0.00;0.00;0.50;0.00
loic-bade;Loïc Badé;0;12;56;31;25;425;333;28;1;0.00;0.00;0.00;0.00;0.00;0.00;0.00
lucas-alcazar-moreno;Lucas Alcázar;0;0;0;0;0;0;0;0;0;0.00;0.00;0.00;0.00;0.00;0.00;0.00
l-ocampos;Lucas Ocampos;1;3;25;18;7;82;56;4;0;0.00;0.00;0.00;0.00;0.00;0.00;0.00
lucas-rosa;Lucas Oliveira Rosa;0;21;69;62;7;271;210;9;1;0.00;0.00;0.00;0.00;0.00;0.00;0.00
torro;Lucas Torró;0;20;122;68;54;362;235;24;0;0.00;0.00;0.00;0.00;0.00;0.00;0.00
lucas-v;Lucas Vázquez;0;4;29;24;5;168;149;4;0;1.00;0.00;1.00;1.00;0.00;0.00;0.00
lucien-agoume;Lucien Agoumé;0;12;70;47;23;336;268;11;1;0.00;0.00;0.00;0.00;0.00;0.00;0.00
l-milla;Luis Milla;28;16;96;67;29;306;216;17;1;0.14;0.00;0.14;0.00;0.14;0.00;0.00
l-perez;Luis Pérez;0;16;56;42;14;260;196;16;2;0.00;0.00;0.00;0.00;0.00;0.00;0.00
l-rioja;Luis Rioja;9;8;69;60;9;172;129;4;1;0.17;0.17;0.00;0.17;0.00;0.00;0.00
luiz-junior-1;Luiz Lúcio Reis Júnior;0;0;0;0;0;0;0;0;0;0.00;0.00;0.00;0.00;0.00;0.00;0.00
modric;Luka Modric;31;4;35;30;5;448;379;30;1;0.00;0.00;0.00;0.00;0.00;0.00;0.00
luka;Luka Romero;2;4;19;15;4;29;24;0;0;0.00;0.00;0.00;0.00;0.00;0.00;0.00
luka-sucic;Luka Sucic;0;7;38;29;9;207;174;4;2;0.14;0.14;0.00;0.14;0.00;0.00;0.00
m-sylla;Mamadou Sylla;0;0;17;6;11;34;19;0;0;0.00;0.00;0.00;0.00;0.00;0.00;0.00
manu-bueno;Manu Bueno;0;0;0;0;0;0;0;0;0;0.00;0.00;0.00;0.00;0.00;0.00;0.00
manu-fuster;Manu Fuster;7;1;20;19;1;95;79;3;1;0.00;0.00;0.00;0.00;0.00;0.00;0.00
manu-gonzalez;Manu González;0;0;0;0;0;0;0;0;0;0.00;0.00;0.00;0.00;0.00;0.00;0.00
morlanes;Manu Morlanes;1;5;35;20;15;191;161;7;0;0.00;0.00;0.00;0.00;0.00;0.00;0.00
m-sanchez;Manu Sánchez;2;9;47;38;9;175;108;8;0;0.00;0.00;0.00;0.00;0.00;0.00;0.00
marash-kumbulla;Marash Kumbulla;0;10;66;37;29;352;286;22;0;1.00;0.00;1.00;0.00;0.00;1.00;0.00
bartra;Marc Bartra;0;2;12;5;7;102;75;10;1;1.00;0.00;1.00;0.00;0.00;1.00;0.00
marc-bernal;Marc Bernal;0;8;28;21;7;160;139;9;0;0.00;0.00;0.00;0.00;0.00;0.00;0.00
marc;Marc Cardona;1;0;6;3;3;11;9;0;0;0.00;0.00;0.00;0.00;0.00;0.00;0.00
marc-casado;Marc Casadó;0;14;44;36;8;380;335;14;1;0.00;0.00;0.00;0.00;0.00;0.00;0.00
marc-domenech;Marc Domenech;0;0;17;7;10;20;14;0;0;0.00;0.00;0.00;0.00;0.00;0.00;0.00
marc-roca;Marc Roca;1;14;62;50;12;425;361;17;0;0.00;0.00;0.00;0.00;0.00;0.00;0.00
marc-vidal;Marc Vidal;0;0;0;0;0;0;0;0;0;0.00;0.00;0.00;0.00;0.00;0.00;0.00
ter-stegen;Marc-André ter Stegen;0;0;4;2;2;172;134;21;0;0.00;0.00;0.00;0.00;0.00;0.00;0.00
marco-de-las-sias;Marco de Las Sias;0;0;0;0;0;0;0;0;0;0.00;0.00;0.00;0.00;0.00;0.00;0.00
marcos-alonso;Marcos Alonso;0;3;28;17;11;305;260;11;0;0.00;0.00;0.00;0.00;0.00;0.00;0.00
marcos-andre;Marcos André de Sousa Mendonça;0;0;38;22;16;39;25;5;0;0.00;0.00;0.00;0.00;0.00;0.00;0.00
m-llorente;Marcos Llorente;0;16;51;42;9;295;246;9;0;0.67;0.33;0.33;0.00;0.67;0.00;0.00
marcao;Marcos do Nascimento Teixeira;0;7;38;24;14;191;159;6;0;0.00;0.00;0.00;0.00;0.00;0.00;0.00
mario-maroto;Mario Maroto;0;0;4;2;2;15;11;0;0;0.00;0.00;0.00;0.00;0.00;0.00;0.00
mario-martin;Mario Martín;0;15;71;64;7;159;126;12;0;0.00;0.00;0.00;0.00;0.00;0.00;0.00
dmitrovic;Marko Dmitrovic;0;0;2;1;1;82;19;16;0;0.00;0.00;0.00;0.00;0.00;0.00;0.00
valjent;Martin Valjent;0;4;22;11;11;237;181;25;0;0.00;0.00;0.00;0.00;0.00;0.00;0.00
martin-tejon;Martín Tejón;0;2;15;12;3;25;20;0;0;0.00;0.00;0.00;0.00;0.00;0.00;0.00
zubimendi;Martín Zubimendi;0;21;76;50;26;522;428;24;1;0.17;0.00;0.17;0.17;0.00;0.00;0.00
marvin-1;Marvin Olawale Akinlabi Park;0;10;49;41;8;140;107;7;0;0.00;0.00;0.00;0.00;0.00;0.00;0.00
mateo-flores;Mateo Flores;0;0;0;0;0;0;0;0;0;0.00;0.00;0.00;0.00;0.00;0.00;0.00
mateo-mejia;Mateo Mejía;0;0;2;1;1;1;0;0;0;0.00;0.00;0.00;0.00;0.00;0.00;0.00
mateu-morey;Mateu Morey;0;0;0;0;0;0;0;0;0;0.00;0.00;0.00;0.00;0.00;0.00;0.00
matija-nastasic;Matija Nastasic;0;3;19;11;8;119;93;4;0;0.00;0.00;0.00;0.00;0.00;0.00;0.00
matias-arbol;Matías Árbol;0;0;0;0;0;0;0;0;0;0.00;0.00;0.00;0.00;0.00;0.00;0.00
m-arambarri;Mauro Arambarri;1;8;69;39;30;133;76;6;0;0.40;0.20;0.20;0.00;0.20;0.20;0.20
maximiliano-caufriez;Maximiliano Caufriez;0;0;0;0;0;0;0;0;0;0.00;0.00;0.00;0.00;0.00;0.00;0.00
miguel-3;Miguel Gutiérrez;0;17;66;59;7;335;290;10;1;0.00;0.00;0.00;0.00;0.00;0.00;0.00
miguel-2;Miguel de la Fuente;0;2;62;35;27;58;30;3;1;0.00;0.00;0.00;0.00;0.00;0.00;0.00
m-morro;Miguel Ángel Morro;0;0;0;0;0;0;0;0;0;0.00;0.00;0.00;0.00;0.00;0.00;0.00
mika-marmol;Mika Mármol;0;12;31;24;7;332;273;9;0;0.00;0.00;0.00;0.00;0.00;0.00;0.00
mikel-jauregizar;Mikel Jauregizar;7;18;60;52;8;161;128;10;1;0.33;0.00;0.33;0.00;0.33;0.00;0.00
oyarzabal;Mikel Oyarzabal;0;2;36;18;18;70;51;1;0;0.00;0.00;0.00;0.00;0.00;0.00;0.00
vesga;Mikel Vesga;0;5;30;25;5;147;103;12;1;0.00;0.00;0.00;0.00;0.00;0.00;0.00
moi-gomez;Moi Gómez;2;7;35;29;6;147;107;6;0;0.00;0.00;0.00;0.00;0.00;0.00;0.00
moussa-diarra-1;Moussa Diarra;0;10;41;29;12;97;76;4;0;0.00;0.00;0.00;0.00;0.00;0.00;0.00
munir;Munir El Haddadi;0;3;25;17;8;38;28;0;0;0.00;0.00;0.00;0.00;0.00;0.00;0.00
nabil-aberdin;Nabil Aberdin;0;5;31;19;12;50;26;5;0;0.00;0.00;0.00;0.00;0.00;0.00;0.00
fekir;Nabil Fekir;8;3;26;24;2;72;60;2;1;0.00;0.00;0.00;0.00;0.00;0.00;0.00
nacho-vidal;Nacho Vidal;0;2;11;8;3;31;24;1;0;0.00;0.00;0.00;0.00;0.00;0.00;0.00
naci-unuvar;Naci Ünüvar;0;0;1;1;0;13;9;1;0;0.00;0.00;0.00;0.00;0.00;0.00;0.00
nahuel-molina;Nahuel Molina;2;11;34;26;8;205;158;4;0;0.00;0.00;0.00;0.00;0.00;0.00;0.00
nahuel-tenaglia;Nahuel Tenaglia;0;19;62;42;20;152;80;10;0;0.50;0.00;0.50;0.00;0.00;0.50;0.00
natan;Natan Bernardo de Souza;0;8;53;16;37;395;330;24;0;0.00;0.00;0.00;0.00;0.00;0.00;0.00
nayef-aguerd;Nayef Aguerd;0;8;36;17;19;380;326;21;0;0.00;0.00;0.00;0.00;0.00;0.00;0.00
gudelj;Nemanja Gudelj;0;11;41;19;22;291;247;6;0;0.00;0.00;0.00;0.00;0.00;0.00;0.00
nicolas-serrano;Nico Serrano;0;0;0;0;0;0;0;0;0;0.00;0.00;0.00;0.00;0.00;0.00;0.00
williams-jr;Nicholas Williams Arthuer;5;8;65;59;6;121;91;2;0;0.11;0.00;0.11;0.00;0.11;0.00;0.00
nicolas-pepe;Nicolas Pépé;3;3;47;34;13;148;123;3;0;0.07;0.00;0.07;0.00;0.07;0.00;0.00
nobel-mendy;Nobel Mendy;0;0;0;0;0;0;0;0;0;0.00;0.00;0.00;0.00;0.00;0.00;0.00
oier-gastesi;Oier Gastesi;0;0;0;0;0;0;0;0;0;0.00;0.00;0.00;0.00;0.00;0.00;0.00
o-sancet-1;Oihan Sancet;0;3;46;43;3;204;164;9;3;0.50;0.13;0.38;0.13;0.38;0.00;0.00
oliver-mcburnie;Oliver McBurnie;0;5;102;45;57;158;114;2;0;0.00;0.00;0.00;0.00;0.00;0.00;0.00
omar-alderete;Omar Alderete;0;12;76;28;48;271;124;43;0;0.00;0.00;0.00;0.00;0.00;0.00;0.00
omar-1;Omar El Hilali;0;25;85;61;24;337;248;20;1;0.00;0.00;0.00;0.00;0.00;0.00;0.00
mascarell;Omar Mascarell;0;10;38;29;9;230;190;20;0;0.00;0.00;0.00;0.00;0.00;0.00;0.00
omar-sadik;Omar Sadik;0;0;0;0;0;0;0;0;0;0.00;0.00;0.00;0.00;0.00;0.00;0.00
oriol-romeu;Oriol Romeu;0;12;34;30;4;196;170;6;1;0.00;0.00;0.00;0.00;0.00;0.00;0.00
orri-oskarsson;Orri Óskarsson;0;2;24;6;18;29;14;1;0;0.50;0.00;0.50;0.25;0.25;0.00;0.00
pablo-barrios-rivas;Pablo Barrios;0;9;48;37;11;240;195;13;0;0.00;0.00;0.00;0.00;0.00;0.00;0.00
pablo-duran;Pablo Durán;0;3;19;13;6;42;32;0;0;0.00;0.00;0.00;0.00;0.00;0.00;0.00
p-fornals;Pablo Fornals;15;10;59;46;13;303;231;10;2;0.00;0.00;0.00;0.00;0.00;0.00;0.00
pablo-ibanez;Pablo Ibáñez;1;7;51;30;21;94;61;1;1;0.00;0.00;0.00;0.00;0.00;0.00;0.00
maffeo;Pablo Maffeo;0;13;56;49;7;158;115;8;0;0.00;0.00;0.00;0.00;0.00;0.00;0.00
pablo-marin;Pablo Marín;0;1;9;5;4;23;14;1;0;0.00;0.00;0.00;0.00;0.00;0.00;0.00
pablo-rivera;Pablo Rivera;0;0;0;0;0;0;0;0;0;0.00;0.00;0.00;0.00;0.00;0.00;0.00
pablo-torre;Pablo Torre;6;5;23;19;4;110;91;2;1;1.00;1.00;0.00;1.00;0.00;0.00;0.00
pape-alassane-gueye;Pape Gueye;0;12;43;36;7;244;179;21;0;0.00;0.00;0.00;0.00;0.00;0.00;0.00
pathe-ciss;Pathé Ciss;0;6;42;30;12;157;123;5;1;0.00;0.00;0.00;0.00;0.00;0.00;0.00
pau-cabanes-de-la-torre;Pau Cabanes De La Torre;0;0;1;1;0;10;9;0;0;0.00;0.00;0.00;0.00;0.00;0.00;0.00
pau-cubarsi;Pau Cubarsí;0;5;45;18;27;648;582;21;2;0.00;0.00;0.00;0.00;0.00;0.00;0.00
pau-lopez;Pau López;0;0;0;0;0;0;0;0;0;0.00;0.00;0.00;0.00;0.00;0.00;0.00
pau-navarro;Pau Navarro;0;0;0;0;0;4;3;0;0;0.00;0.00;0.00;0.00;0.00;0.00;0.00
pau-victor;Pau Víctor;0;1;21;21;0;56;44;1;0;0.33;0.33;0.00;0.00;0.33;0.00;0.00
paulo-gazzaniga;Paulo Gazzaniga;0;1;2;2;0;268;194;29;0;0.00;0.00;0.00;0.00;0.00;0.00;0.00
pedri;Pedro González López;3;15;60;58;2;410;332;20;5;0.33;0.00;0.33;0.33;0.00;0.00;0.00
pedro-diaz;Pedro Díaz;2;1;3;2;1;14;12;0;0;0.00;0.00;0.00;0.00;0.00;0.00;0.00
pedro-ortiz;Pedro Ortiz;0;0;0;0;0;0;0;0;0;0.00;0.00;0.00;0.00;0.00;0.00;0.00
peio-canales;Peio Canales;0;1;3;3;0;10;8;1;0;0.00;0.00;0.00;0.00;0.00;0.00;0.00
pejino;Francisco Jesús Crespo;0;1;2;2;0;6;6;0;0;0.00;0.00;0.00;0.00;0.00;0.00;0.00
pelayo-fernandez;Pelayo Fernández;0;0;0;0;0;0;0;0;0;0.00;0.00;0.00;0.00;0.00;0.00;0.00
chavarria-1;Pep Chavarría;0;5;24;18;6;159;122;6;0;0.00;0.00;0.00;0.00;0.00;0.00;0.00
pepelu;José Luis García Vayá;36;15;72;51;21;480;361;34;2;0.00;0.00;0.00;0.00;0.00;0.00;0.00
peque-1;Gerard Fernández Castellano;3;5;63;49;14;121;102;2;1;0.00;0.00;0.00;0.00;0.00;0.00;0.00
pere-milla;Pere Milla;0;3;23;22;1;46;27;2;3;0.00;0.00;0.00;0.00;0.00;0.00;0.00
peter;Peter Federico González Carmona;0;2;18;11;7;27;16;2;0;0.00;0.00;0.00;0.00;0.00;0.00;0.00
pol-lozano;Pol Lozano;5;13;44;37;7;166;122;12;0;0.00;0.00;0.00;0.00;0.00;0.00;0.00
portu;Cristian Portugués Manzanera;6;3;13;11;2;47;41;0;0;0.00;0.00;0.00;0.00;0.00;0.00;0.00
rafa-mir;Rafa Mir;0;6;28;19;9;41;25;1;0;0.00;0.00;0.00;0.00;0.00;0.00;0.00
rafael-bauza;Rafael Bauza;0;0;0;0;0;0;0;0;0;0.00;0.00;0.00;0.00;0.00;0.00;0.00
r-terrats;Ramon Terrats;0;3;14;11;3;43;28;6;1;0.00;0.00;0.00;0.00;0.00;0.00;0.00
nteka;Randy Nteka;0;4;50;20;30;64;45;1;0;0.00;0.00;0.00;0.00;0.00;0.00;0.00
raphinha;Raphael Dias Belloli;42;12;60;58;2;330;243;16;4;0.23;0.00;0.23;0.23;0.00;0.00;0.00
r-albiol;Raúl Albiol;0;2;24;7;17;277;235;13;0;0.00;0.00;0.00;0.00;0.00;0.00;0.00
raul-chasco;Raúl Chasco;0;1;6;6;0;23;15;1;0;0.00;0.00;0.00;0.00;0.00;0.00;0.00
raul-4;Raúl García;0;2;36;27;9;42;28;0;0;0.20;0.20;0.00;0.00;0.20;0.00;0.00
raul-jimenez-1;Raúl Jiménez;0;0;0;0;0;0;0;0;0;0.00;0.00;0.00;0.00;0.00;0.00;0.00
raul-martinez-1;Raúl Martínez;0;0;0;0;0;0;0;0;0;0.00;0.00;0.00;0.00;0.00;0.00;0.00
raul-moro;Raúl Moro;16;8;67;60;7;169;114;11;0;0.25;0.13;0.13;0.00;0.25;0.00;0.00
r-d-t;Raúl de Tomás;0;0;0;0;0;0;0;0;0;0.00;0.00;0.00;0.00;0.00;0.00;0.00
reinildo;Reinildo Isnard Mandava;0;9;36;29;7;263;208;10;0;0.00;0.00;0.00;0.00;0.00;0.00;0.00
tapia-1;Renato Tapia;0;13;44;35;9;154;98;12;3;0.00;0.00;0.00;0.00;0.00;0.00;0.00
ricardo-rodriguez-1;Ricardo Rodríguez;0;9;26;20;6;165;133;2;0;0.00;0.00;0.00;0.00;0.00;0.00;0.00
robert-lewandowski;Robert Lewandowski;0;4;59;43;16;162;113;6;0;0.34;0.00;0.34;0.07;0.24;0.03;0.00
navarro-2;Robert Navarro;2;6;46;44;2;115;94;0;0;0.00;0.00;0.00;0.00;0.00;0.00;0.00
lopez-alcaide;Roberto López;10;6;28;22;6;148;116;8;0;0.00;0.00;0.00;0.00;0.00;0.00;0.00
le-normand;Robin Le Normand;0;11;55;36;19;420;364;13;0;0.00;0.00;0.00;0.00;0.00;0.00;0.00
rodri-3;Rodrigo Sánchez Rodríguez;3;2;17;15;2;59;49;2;0;0.00;0.00;0.00;0.00;0.00;0.00;0.00
rodrigo-abajas;Rodrigo Abajas;0;0;0;0;0;0;0;0;0;0.00;0.00;0.00;0.00;0.00;0.00;0.00
de-paul;Rodrigo De Paul;2;4;31;29;2;255;188;19;4;0.00;0.00;0.00;0.00;0.00;0.00;0.00
riquelme;Rodrigo Riquelme;7;3;23;18;5;111;94;2;0;0.00;0.00;0.00;0.00;0.00;0.00;0.00
rodrygo;Rodrygo Silva de Goes;13;6;60;52;8;298;264;3;0;0.30;0.00;0.30;0.00;0.30;0.00;0.00
romain-perraud;Romain Perraud;0;9;58;48;10;227;185;4;0;0.00;0.00;0.00;0.00;0.00;0.00;0.00
ruben-garcia;Rubén García;9;11;60;45;15;236;170;18;0;0.20;0.00;0.20;0.00;0.20;0.00;0.00
r-pena;Rubén Peña;4;4;33;26;7;41;26;0;0;0.00;0.00;0.00;0.00;0.00;0.00;0.00
rui-silva;Rui Tiago Dantas da Silva;0;0;3;3;0;261;181;26;0;0.00;0.00;0.00;0.00;0.00;0.00;0.00
sanchez-1;Salvi Sánchez;0;0;0;0;0;0;0;0;0;0.00;0.00;0.00;0.00;0.00;0.00;0.00
samuel-lino;Samuel Dias Lino;2;9;49;43;6;206;160;12;0;0.00;0.00;0.00;0.00;0.00;0.00;0.00
samu-3;Samuel de Almeida Costa;0;27;127;91;36;444;344;28;0;0.00;0.00;0.00;0.00;0.00;0.00;0.00
sandro;Sandro Ramírez;15;6;35;32;3;90;71;1;0;0.43;0.14;0.29;0.14;0.29;0.00;0.14
santi-c-v;Santi Comesaña;0;16;76;62;14;366;311;16;2;0.00;0.00;0.00;0.00;0.00;0.00;0.00
santiago-mourino;Santiago Mouriño;0;11;33;23;10;80;60;4;0;0.00;0.00;0.00;0.00;0.00;0.00;0.00
saul-1;Saúl Ñíguez;1;9;39;30;9;150;118;7;1;0.00;0.00;0.00;0.00;0.00;0.00;0.00
scott-mckenna;Scott McKenna;0;4;18;6;12;265;230;5;0;0.00;0.00;0.00;0.00;0.00;0.00;0.00
sebastian-john-wade-gardiner;Sebas Wade;0;0;0;0;0;0;0;0;0;0.00;0.00;0.00;0.00;0.00;0.00;0.00
selim-amallah;Selim Amallah;3;10;66;62;4;122;97;7;2;0.13;0.00;0.13;0.00;0.13;0.00;0.00
sergi-altimira;Sergi Altimira;0;6;38;30;8;222;188;12;2;0.00;0.00;0.00;0.00;0.00;0.00;0.00
sergi-canos;Sergi Canós;3;5;24;19;5;56;33;2;0;0.00;0.00;0.00;0.00;0.00;0.00;0.00
sergi-cardona;Sergi Cardona;0;20;69;54;15;298;228;11;0;0.17;0.00;0.17;0.17;0.00;0.00;0.00
s-darder;Sergi Darder;18;11;54;48;6;244;180;19;1;0.00;0.00;0.00;0.00;0.00;0.00;0.00
sergi-dominguez;Sergi Domínguez;0;1;7;3;4;179;168;2;0;0.00;0.00;0.00;0.00;0.00;0.00;0.00
sergi-guardiola;Sergi Guardiola;0;2;7;7;0;8;3;1;0;0.00;0.00;0.00;0.00;0.00;0.00;0.00
s-gomez;Sergi Gómez;0;3;22;6;16;200;172;7;0;0.00;0.00;0.00;0.00;0.00;0.00;0.00
camello;Sergio Camello;0;3;49;32;17;107;88;1;1;0.22;0.00;0.22;0.22;0.00;0.00;0.00
s-carreira;Sergio Carreira;0;6;22;19;3;88;73;3;0;0.00;0.00;0.00;0.00;0.00;0.00;0.00
sergio-g;Sergio González;0;13;72;29;43;491;380;32;0;0.00;0.00;0.00;0.00;0.00;0.00;0.00
sergio-gomez;Sergio Gómez;38;18;64;49;15;380;312;11;1;0.00;0.00;0.00;0.00;0.00;0.00;0.00
s-herrera;Sergio Herrera;0;1;1;1;0;288;119;66;0;0.00;0.00;0.00;0.00;0.00;0.00;0.00
sergio-mestre;Sergio Mestre;0;0;0;0;0;0;0;0;0;0.00;0.00;0.00;0.00;0.00;0.00;0.00
seydouba-cisse;Seydouba Cissé;2;13;64;53;11;334;276;16;0;0.00;0.00;0.00;0.00;0.00;0.00;0.00
sheraldo-becker;Sheraldo Becker;0;1;31;19;12;120;84;4;0;0.00;0.00;0.00;0.00;0.00;0.00;0.00
siebe-van-der-heyden;Siebe Van der Heyden;0;0;0;0;0;0;0;0;0;0.00;0.00;0.00;0.00;0.00;0.00;0.00
stanis-idumbo-muzambo;Stanis Idumbo Muzambo;0;1;3;3;0;4;3;0;0;0.00;0.00;0.00;0.00;0.00;0.00;0.00
stanko-juric;Stanko Juric;0;19;71;53;18;234;191;9;0;0.00;0.00;0.00;0.00;0.00;0.00;0.00
stipe-biuk;Stipe Biuk;0;0;0;0;0;0;0;0;0;0.00;0.00;0.00;0.00;0.00;0.00;0.00
stoichkov;Juan Diego Molina Martínez;0;12;68;51;17;137;73;10;5;0.00;0.00;0.00;0.00;0.00;0.00;0.00
dimitrievski;Stole Dimitrievski;0;0;0;0;0;0;0;0;0;0.00;0.00;0.00;0.00;0.00;0.00;0.00
suso;Jesús Joaquín Fernández Sáenz de la Torre;3;1;18;18;0;43;32;3;1;0.00;0.00;0.00;0.00;0.00;0.00;0.00
sebastien-haller;Sébastien Haller;0;1;48;13;35;69;41;1;2;0.00;0.00;0.00;0.00;0.00;0.00;0.00
tadeo-allende;Tadeo Allende;0;0;0;0;0;0;0;0;0;0.00;0.00;0.00;0.00;0.00;0.00;0.00
take;Takefusa Kubo;6;7;103;97;6;228;169;8;2;0.29;0.00;0.29;0.29;0.00;0.00;0.00
takuma-asano;Takuma Asano;0;5;27;21;6;62;43;1;0;0.00;0.00;0.00;0.00;0.00;0.00;0.00
nianzou-kouassi;Tanguy Nianzou;0;7;38;20;18;266;236;5;0;0.00;0.00;0.00;0.00;0.00;0.00;0.00
tasos-douvikas;Tasos Douvikas;0;5;64;44;20;52;39;0;0;0.13;0.00;0.13;0.00;0.13;0.00;0.00
courtois;Thibaut Courtois;0;0;5;0;5;223;167;24;0;0.00;0.00;0.00;0.00;0.00;0.00;0.00
thierno-barry-1;Thierno Barry;0;1;78;39;39;80;42;2;0;0.11;0.00;0.11;0.00;0.00;0.11;0.00
thierry-r;Thierry Rendall Correia;0;21;78;68;10;291;209;12;0;0.00;0.00;0.00;0.00;0.00;0.00;0.00
lemar;Thomas Lemar;0;0;0;0;0;0;0;0;0;0.00;0.00;0.00;0.00;0.00;0.00;0.00
tomas-conechny;Tomás Conechny;3;4;46;32;14;92;55;0;1;0.10;0.00;0.10;0.00;0.00;0.10;0.00
toni-fernandez;Toni Fernández;0;0;0;0;0;0;0;0;0;0.00;0.00;0.00;0.00;0.00;0.00;0.00
lato;Antonio Latorre Grueso;0;5;17;15;2;80;57;5;0;0.00;0.00;0.00;0.00;0.00;0.00;0.00
t-martinez;Toni Martínez;0;3;60;14;46;57;30;0;1;0.20;0.10;0.10;0.10;0.10;0.00;0.00
toni-villa;Laureano Antonio Villa Suárez;0;0;0;0;0;0;0;0;0;0.00;0.00;0.00;0.00;0.00;0.00;0.00
sadiq;Umar Sadiq;0;2;39;22;17;35;19;0;0;0.00;0.00;0.00;0.00;0.00;0.00;0.00
unai-egiluz;Unai Egiluz;0;0;0;0;0;0;0;0;0;0.00;0.00;0.00;0.00;0.00;0.00;0.00
unai-garcia;Unai García;0;0;0;0;0;0;0;0;0;0.00;0.00;0.00;0.00;0.00;0.00;0.00
unai-gomez;Unai Gómez;6;1;51;32;19;72;54;1;1;0.00;0.00;0.00;0.00;0.00;0.00;0.00
unai-lopez;Unai López;5;5;39;31;8;317;266;10;2;0.40;0.20;0.20;0.00;0.40;0.00;0.00
marrero;Unai Marrero;0;0;0;0;0;0;0;0;0;0.00;0.00;0.00;0.00;0.00;0.00;0.00
nunez-2;Unai Núñez;0;1;11;6;5;85;68;6;0;0.00;0.00;0.00;0.00;0.00;0.00;0.00
gonzalez-de-zarate;Urko González;0;0;5;3;2;16;9;1;0;0.00;0.00;0.00;0.00;0.00;0.00;0.00
valentin-rosier;Valentin Rosier;0;27;95;80;15;256;179;11;0;0.00;0.00;0.00;0.00;0.00;0.00;0.00
valentin-barco;Valentín Barco;8;14;42;40;2;106;82;4;2;0.00;0.00;0.00;0.00;0.00;0.00;0.00
valentin-pezzolesi;Valentín Pezzolesi;0;0;0;0;0;0;0;0;0;0.00;0.00;0.00;0.00;0.00;0.00;0.00
valery;Valery Fernández;0;3;14;12;2;31;26;0;0;0.67;0.00;0.67;0.33;0.33;0.00;0.00
vedat-muriqi;Vedat Muriqi;0;0;76;25;51;111;70;4;0;0.08;0.00;0.08;0.00;0.00;0.08;0.00
guaita;Vicente Guaita;0;0;4;3;1;103;60;16;0;0.00;0.00;0.00;0.00;0.00;0.00;0.00
viktor-tsygankov;Viktor Tsyhankov;22;4;38;29;9;190;150;3;1;0.17;0.00;0.17;0.17;0.00;0.00;0.00
vini-jr;Vinícius José Paixão de Oliveira Júnior;2;8;116;112;4;276;209;10;3;0.27;0.07;0.20;0.07;0.20;0.00;0.00
viti;Viti Rozada;0;11;37;27;10;144;119;6;0;0.00;0.00;0.00;0.00;0.00;0.00;0.00
vitor-roque;Vitor Hugo Roque Ferreira;0;0;42;34;8;48;35;1;0;0.09;0.00;0.09;0.00;0.09;0.00;0.00
v-meseguer;Víctor Meseguer;0;7;32;22;10;99;71;5;0;0.00;0.00;0.00;0.00;0.00;0.00;0.00
victor-puig;Víctor Puig;0;0;0;0;0;0;0;0;0;0.00;0.00;0.00;0.00;0.00;0.00;0.00
walid-cheddira;Walid Cheddira;0;0;50;29;21;34;24;0;0;0.00;0.00;0.00;0.00;0.00;0.00;0.00
warren-madrigal;Warren Madrigal;0;0;0;0;0;0;0;0;0;0.00;0.00;0.00;0.00;0.00;0.00;0.00
william-2;William Silva de Carvalho;0;3;24;19;5;182;140;11;0;0.00;0.00;0.00;0.00;0.00;0.00;0.00
williot-swedberg;Williot Swedberg;0;4;39;31;8;90;64;3;2;0.10;0.10;0.00;0.00;0.10;0.00;0.00
willy-kambwala;Willy Kambwala;0;4;10;4;6;41;25;5;0;0.00;0.00;0.00;0.00;0.00;0.00;0.00
herrera-1;Yangel Herrera;0;24;99;84;15;338;287;9;1;0.13;0.00;0.13;0.00;0.00;0.13;0.00
yarek-gasiorowski;Yarek Gasiorowski;0;7;21;10;11;136;101;9;1;0.00;0.00;0.00;0.00;0.00;0.00;0.00
jesus-santiago;Jesús Santiago Pérez;0;5;20;18;2;44;29;2;0;0.00;0.00;0.00;0.00;0.00;0.00;0.00
yeray-2;Yeray Álvarez;0;6;33;22;11;230;177;18;1;0.00;0.00;0.00;0.00;0.00;0.00;0.00
yeremy;Yeremy Pino;1;9;41;36;5;109;83;1;0;0.00;0.00;0.00;0.00;0.00;0.00;0.00
youssouf-sabaly;Youssouf Sabaly;0;8;26;24;2;138;113;2;1;0.00;0.00;0.00;0.00;0.00;0.00;0.00
yuri-b;Yuri Berchiche;0;8;34;26;8;235;191;12;0;0.00;0.00;0.00;0.00;0.00;0.00;0.00
yvan-neyou;Yvan Neyou;0;8;52;42;10;235;189;11;0;0.00;0.00;0.00;0.00;0.00;0.00;0.00
yaser-asprilla;Yáser Asprilla;4;8;49;47;2;170;129;7;3;0.25;0.25;0.00;0.25;0.00;0.00;0.00
alex-b;Álex Baena;27;2;55;43;12;229;169;15;7;0.09;0.00;0.09;0.00;0.09;0.00;0.00
alejandro-gil;Álex Gil;0;0;0;0;0;0;0;0;0;0.00;0.00;0.00;0.00;0.00;0.00;0.00
alex-munoz;Álex Muñoz;0;17;62;37;25;337;278;10;0;0.33;0.00;0.33;0.00;0.00;0.33;0.00
alex-padilla;Alejandro Padilla;0;0;2;1;1;105;23;29;0;0.00;0.00;0.00;0.00;0.00;0.00;0.00
a-remiro;Álex Remiro;0;0;1;0;1;274;153;54;0;0.00;0.00;0.00;0.00;0.00;0.00;0.00
a-sola;Álex Sola;0;13;116;90;26;105;59;5;0;0.00;0.00;0.00;0.00;0.00;0.00;0.00
alex-suarez;Álex Suárez;0;12;41;23;18;371;309;13;0;0.00;0.00;0.00;0.00;0.00;0.00;0.00
alex-valle;Álex Valle;0;0;0;0;0;0;0;0;0;0.00;0.00;0.00;0.00;0.00;0.00;0.00
alvaro-aceves;Álvaro Aceves;0;0;0;0;0;0;0;0;0;0.00;0.00;0.00;0.00;0.00;0.00;0.00
aguado-1;Álvaro Aguado;2;4;20;18;2;116;90;5;1;0.00;0.00;0.00;0.00;0.00;0.00;0.00
alvaro-djalo;Álvaro Djaló Dias Fernandes;0;1;36;27;9;33;23;1;0;0.33;0.00;0.33;0.00;0.00;0.33;0.00
alvaro-fernandez;Álvaro Fernández;0;0;0;0;0;0;0;0;0;0.00;0.00;0.00;0.00;0.00;0.00;0.00
alvaro-1;Álvaro García;0;10;30;26;4;123;75;6;0;0.13;0.00;0.13;0.00;0.13;0.00;0.00
alvaro-killane;Álvaro Killane;0;0;0;0;0;0;0;0;0;0.00;0.00;0.00;0.00;0.00;0.00;0.00
odriozola;Álvaro Odriozola;0;0;4;3;1;16;10;0;0;0.00;0.00;0.00;0.00;0.00;0.00;0.00
alvaro-rodriguez-3;Álvaro Rodríguez;0;0;13;5;8;8;3;0;0;0.00;0.00;0.00;0.00;0.00;0.00;0.00
a-tejero;Álvaro Tejero;11;5;35;28;7;135;102;5;0;0.00;0.00;0.00;0.00;0.00;0.00;0.00
correa;Ángel Correa;2;1;27;24;3;63;49;0;0;0.50;0.00;0.50;0.00;0.50;0.00;0.00
angel-f;Ángel Fortuño;0;0;0;0;0;0;0;0;0;0.00;0.00;0.00;0.00;0.00;0.00;0.00
aron-yaakobishvili;Áron Yaakobishvili;0;0;0;0;0;0;0;0;0;0.00;0.00;0.00;0.00;0.00;0.00;0.00
e-militao;Éder Gabriel Militão;0;13;73;44;29;582;488;39;0;0.17;0.00;0.17;0.00;0.17;0.00;0.00
i-lekue;Íñigo Lekue;0;4;17;15;2;144;110;5;0;0.00;0.00;0.00;0.00;0.00;0.00;0.00
r-de-galarreta;Íñigo Ruíz de Galarreta;0;2;17;17;0;120;97;6;0;0.00;0.00;0.00;0.00;0.00;0.00;0.00
de-marcos;Óscar De Marcos;0;13;33;30;3;173;120;12;2;0.00;0.00;0.00;0.00;0.00;0.00;0.00
mingueza;Óscar Mingueza;3;10;39;36;3;347;260;15;0;0.33;0.17;0.17;0.00;0.33;0.00;0.17
oscar-4;Óscar Rodríguez;5;5;39;31;8;121;87;4;1;0.00;0.00;0.00;0.00;0.00;0.00;0.00
oscar-trejo;Óscar Trejo;0;2;27;22;5;60;49;0;0;0.00;0.00;0.00;0.00;0.00;0.00;0.00
oscar-5;Óscar Valentín;0;15;83;59;24;263;201;13;0;0.00;0.00;0.00;0.00;0.00;0.00;0.00
orjan-nyland;Ørjan Nyland;0;1;3;1;2;291;124;43;0;0.00;0.00;0.00;0.00;0.00;0.00;0.00
